   5.8502392e+06
   5.6682559e+06
   5.4930990e+06
   5.3237710e+06
   5.1599032e+06
   5.0012427e+06
   4.8486462e+06
   4.7007374e+06
   4.5579482e+06
   4.4195729e+06
   4.2769774e+06
   4.1311777e+06
   3.9899774e+06
   3.8524010e+06
   3.7223372e+06
   3.5909234e+06
   3.4535114e+06
   3.3218882e+06
   3.1949849e+06
   3.0739411e+06
   2.9570820e+06
   2.8444533e+06
   2.7417654e+06
   2.6433373e+06
   2.5500316e+06
   2.4596061e+06
   2.3612981e+06
   2.2652976e+06
   2.1733425e+06
   2.0852589e+06
   1.9990554e+06
   1.9082832e+06
   1.8219804e+06
   1.7394164e+06
   1.6605656e+06
   1.5851943e+06
   1.5133184e+06
   1.4436571e+06
   1.3775468e+06
   1.3142465e+06
   1.2538649e+06
   1.1963813e+06
   1.1412017e+06
   1.0890030e+06
   1.0389760e+06
   9.9126928e+05
   9.4576924e+05
   9.0235282e+05
   8.6072359e+05
   8.2128125e+05
   7.8349200e+05
   7.4545572e+05
   7.0893481e+05
   6.7450760e+05
   6.4153637e+05
   6.1019945e+05
   5.8037958e+05
   5.5201166e+05
   5.2510502e+05
   4.9906319e+05
   4.7422624e+05
   4.5055036e+05
   4.2808293e+05
   4.0671545e+05
   3.8582634e+05
   3.6582230e+05
   3.4700625e+05
   3.2910873e+05
   3.1218320e+05
   2.9608299e+05
   2.7827372e+05
   2.6008096e+05
   2.4316621e+05
   2.2749845e+05
   2.1333570e+05
   2.0118644e+05
   1.8995565e+05
   1.7934847e+05
   1.6939172e+05
   1.6004768e+05
   1.5167585e+05
   1.4445187e+05
   1.3760939e+05
   1.3111280e+05
   1.2495078e+05
   1.1910072e+05
   1.1357323e+05
   1.0829984e+05
   1.0330157e+05
   9.9131483e+04
   9.5355725e+04
   9.1708521e+04
   8.8249115e+04
   8.4910588e+04
   8.1703021e+04
   7.8625080e+04
   7.5665742e+04
   7.2829600e+04
   7.0105210e+04
   6.7482616e+04
   6.4955357e+04
