   1.1353000e+26
   1.1000400e+26
   1.0660000e+26
   1.0331400e+26
   1.0013280e+26
   9.7060000e+25
   9.4094200e+25
   9.1227400e+25
   8.8457800e+25
   8.5781000e+25
   8.3005000e+25
   8.0163000e+25
   7.7423000e+25
   7.4781400e+25
   7.2235800e+25
   6.9682000e+25
   6.7022600e+25
   6.4466200e+25
   6.2009600e+25
   5.9649200e+25
   5.7380000e+25
   5.5203200e+25
   5.3208400e+25
   5.1310800e+25
   4.9485200e+25
   4.7729000e+25
   4.5821600e+25
   4.3960400e+25
   4.2176400e+25
   4.0466000e+25
   3.8795000e+25
   3.7037000e+25
   3.5358200e+25
   3.3755000e+25
   3.2224800e+25
   3.0764000e+25
   2.9367000e+25
   2.8018600e+25
   2.6732200e+25
   2.5504400e+25
   2.4333000e+25
   2.3216200e+25
   2.2151000e+25
   2.1134000e+25
   2.0163600e+25
   1.9237000e+25
   1.8353200e+25
   1.7510200e+25
   1.6705400e+25
   1.5938000e+25
   1.5205000e+25
   1.4467000e+25
   1.3761000e+25
   1.3089000e+25
   1.2449200e+25
   1.1841000e+25
   1.1263000e+25
   1.0713200e+25
   1.0190000e+25
   9.6866600e+24
   9.2028000e+24
   8.7436400e+24
   8.3073600e+24
   7.8928600e+24
   7.4871400e+24
   7.1003000e+24
   6.7340200e+24
   6.3869400e+24
   6.0579200e+24
   5.7460600e+24
   5.4017000e+24
   5.0472400e+24
   4.7189600e+24
   4.4146200e+24
   4.1404200e+24
   3.9058000e+24
   3.6862800e+24
   3.4804200e+24
   3.2872400e+24
   3.1058400e+24
   2.9434000e+24
   2.8033200e+24
   2.6704800e+24
   2.5444600e+24
   2.4250000e+24
   2.3115000e+24
   2.2039800e+24
   2.1018000e+24
   2.0047400e+24
   1.9238800e+24
   1.8505000e+24
   1.7801200e+24
   1.7126200e+24
   1.6478200e+24
   1.5855400e+24
   1.5258000e+24
   1.4685000e+24
   1.4133800e+24
   1.3604800e+24
   1.3096200e+24
   1.2608000e+24
