   9.7503986e+05
   9.4470931e+05
   9.1551650e+05
   8.8729517e+05
   8.5998387e+05
   8.3354046e+05
   8.0810771e+05
   7.8345623e+05
   7.5965803e+05
   7.3659549e+05
   7.1282956e+05
   6.8852961e+05
   6.6499624e+05
   6.4206683e+05
   6.2038954e+05
   5.9848724e+05
   5.7558524e+05
   5.5364804e+05
   5.3249748e+05
   5.1232351e+05
   4.9284700e+05
   4.7407556e+05
   4.5696090e+05
   4.4055621e+05
   4.2500527e+05
   4.0993434e+05
   3.9354969e+05
   3.7754960e+05
   3.6222374e+05
   3.4754315e+05
   3.3317590e+05
   3.1804720e+05
   3.0366341e+05
   2.8990273e+05
   2.7676093e+05
   2.6419904e+05
   2.5221973e+05
   2.4060951e+05
   2.2959114e+05
   2.1904109e+05
   2.0897748e+05
   1.9939688e+05
   1.9020028e+05
   1.8150050e+05
   1.7316266e+05
   1.6521155e+05
   1.5762821e+05
   1.5039214e+05
   1.4345393e+05
   1.3688021e+05
   1.3058200e+05
   1.2424262e+05
   1.1815580e+05
   1.1241793e+05
   1.0692273e+05
   1.0169991e+05
   9.6729931e+04
   9.2001943e+04
   8.7517504e+04
   8.3177199e+04
   7.9037706e+04
   7.5091727e+04
   7.1347155e+04
   6.7785908e+04
   6.4304390e+04
   6.0970383e+04
   5.7834374e+04
   5.4851455e+04
   5.2030533e+04
   4.9347165e+04
   4.6378954e+04
   4.3346827e+04
   4.0527702e+04
   3.7916408e+04
   3.5555949e+04
   3.3531073e+04
   3.1659275e+04
   2.9891412e+04
   2.8231953e+04
   2.6674613e+04
   2.5279308e+04
   2.4075312e+04
   2.2934898e+04
   2.1852133e+04
   2.0825130e+04
   1.9850121e+04
   1.8928871e+04
   1.8049974e+04
   1.7216928e+04
   1.6521914e+04
   1.5892621e+04
   1.5284754e+04
   1.4708186e+04
   1.4151765e+04
   1.3617170e+04
   1.3104180e+04
   1.2610957e+04
   1.2138267e+04
   1.1684202e+04
   1.1247103e+04
   1.0825893e+04
