   0.0000000e+00
   8.0000000e+02
   1.6000000e+03
   2.4000000e+03
   3.2000000e+03
   4.0000000e+03
   4.8000000e+03
   5.6000000e+03
   6.4000000e+03
   7.2000000e+03
   8.0000000e+03
   8.8000000e+03
   9.6000000e+03
   1.0400000e+04
   1.1200000e+04
   1.2000000e+04
   1.2800000e+04
   1.3600000e+04
   1.4400000e+04
   1.5200000e+04
   1.6000000e+04
   1.6800000e+04
   1.7600000e+04
   1.8400000e+04
   1.9200000e+04
   2.0000000e+04
   2.0800000e+04
   2.1600000e+04
   2.2400000e+04
   2.3200000e+04
   2.4000000e+04
   2.4800000e+04
   2.5600000e+04
   2.6400000e+04
   2.7200000e+04
   2.8000000e+04
   2.8800000e+04
   2.9600000e+04
   3.0400000e+04
   3.1200000e+04
   3.2000000e+04
   3.2800000e+04
   3.3600000e+04
   3.4400000e+04
   3.5200000e+04
   3.6000000e+04
   3.6800000e+04
   3.7600000e+04
   3.8400000e+04
   3.9200000e+04
   4.0000000e+04
   4.0800000e+04
   4.1600000e+04
   4.2400000e+04
   4.3200000e+04
   4.4000000e+04
   4.4800000e+04
   4.5600000e+04
   4.6400000e+04
   4.7200000e+04
   4.8000000e+04
   4.8800000e+04
   4.9600000e+04
   5.0400000e+04
   5.1200000e+04
   5.2000000e+04
   5.2800000e+04
   5.3600000e+04
   5.4400000e+04
   5.5200000e+04
   5.6000000e+04
   5.6800000e+04
   5.7600000e+04
   5.8400000e+04
   5.9200000e+04
   6.0000000e+04
   6.0800000e+04
   6.1600000e+04
   6.2400000e+04
   6.3200000e+04
   6.4000000e+04
   6.4800000e+04
   6.5600000e+04
   6.6400000e+04
   6.7200000e+04
   6.8000000e+04
   6.8800000e+04
   6.9600000e+04
   7.0400000e+04
   7.1200000e+04
   7.2000000e+04
   7.2800000e+04
   7.3600000e+04
   7.4400000e+04
   7.5200000e+04
   7.6000000e+04
   7.6800000e+04
   7.7600000e+04
   7.8400000e+04
   7.9200000e+04
   8.0000000e+04
