  -1.9500797e+06
  -1.8894186e+06
  -1.8310330e+06
  -1.7745903e+06
  -1.7199677e+06
  -1.6670809e+06
  -1.6162154e+06
  -1.5669125e+06
  -1.5193161e+06
  -1.4731910e+06
  -1.4256591e+06
  -1.3770592e+06
  -1.3299925e+06
  -1.2841337e+06
  -1.2407791e+06
  -1.1969745e+06
  -1.1511705e+06
  -1.1072961e+06
  -1.0649950e+06
  -1.0246470e+06
  -9.8569401e+05
  -9.4815111e+05
  -9.1392180e+05
  -8.8111242e+05
  -8.5001054e+05
  -8.1986868e+05
  -7.8709938e+05
  -7.5509920e+05
  -7.2444749e+05
  -6.9508630e+05
  -6.6635179e+05
  -6.3609439e+05
  -6.0732682e+05
  -5.7980547e+05
  -5.5352186e+05
  -5.2839809e+05
  -5.0443947e+05
  -4.8121903e+05
  -4.5918227e+05
  -4.3808217e+05
  -4.1795496e+05
  -3.9879375e+05
  -3.8040056e+05
  -3.6300100e+05
  -3.4632533e+05
  -3.3042309e+05
  -3.1525641e+05
  -3.0078427e+05
  -2.8690786e+05
  -2.7376042e+05
  -2.6116400e+05
  -2.4848524e+05
  -2.3631160e+05
  -2.2483587e+05
  -2.1384546e+05
  -2.0339982e+05
  -1.9345986e+05
  -1.8400389e+05
  -1.7503501e+05
  -1.6635440e+05
  -1.5807541e+05
  -1.5018345e+05
  -1.4269431e+05
  -1.3557182e+05
  -1.2860878e+05
  -1.2194077e+05
  -1.1566875e+05
  -1.0970291e+05
  -1.0406107e+05
  -9.8694331e+04
  -9.2757908e+04
  -8.6693654e+04
  -8.1055404e+04
  -7.5832816e+04
  -7.1111898e+04
  -6.7062146e+04
  -6.3318550e+04
  -5.9782823e+04
  -5.6463905e+04
  -5.3349225e+04
  -5.0558616e+04
  -4.8150624e+04
  -4.5869795e+04
  -4.3704266e+04
  -4.1650259e+04
  -3.9700241e+04
  -3.7857743e+04
  -3.6099948e+04
  -3.4433856e+04
  -3.3043828e+04
  -3.1785242e+04
  -3.0569507e+04
  -2.9416372e+04
  -2.8303529e+04
  -2.7234340e+04
  -2.6208360e+04
  -2.5221914e+04
  -2.4276533e+04
  -2.3368403e+04
  -2.2494205e+04
  -2.1651786e+04
