   9.5700000e+01
   9.4840000e+01
   9.3880000e+01
   9.2920000e+01
   9.2060000e+01
   9.1100000e+01
   9.0240000e+01
   8.9280000e+01
   8.8320000e+01
   8.7460000e+01
   8.6600000e+01
   8.5860000e+01
   8.5180000e+01
   8.4480000e+01
   8.3740000e+01
   8.3100000e+01
   8.2560000e+01
   8.2060000e+01
   8.1540000e+01
   8.1020000e+01
   8.0500000e+01
   7.9960000e+01
   7.9220000e+01
   7.8480000e+01
   7.7660000e+01
   7.6900000e+01
   7.6380000e+01
   7.5960000e+01
   7.5480000e+01
   7.5020000e+01
   7.4600000e+01
   7.4480000e+01
   7.4300000e+01
   7.4140000e+01
   7.4000000e+01
   7.3900000e+01
   7.3700000e+01
   7.3600000e+01
   7.3500000e+01
   7.3400000e+01
   7.3200000e+01
   7.3100000e+01
   7.3000000e+01
   7.2900000e+01
   7.2800000e+01
   7.2600000e+01
   7.2500000e+01
   7.2360000e+01
   7.2240000e+01
   7.2100000e+01
   7.2000000e+01
   7.2100000e+01
   7.2200000e+01
   7.2300000e+01
   7.2400000e+01
   7.2500000e+01
   7.2600000e+01
   7.2700000e+01
   7.2800000e+01
   7.2980000e+01
   7.3300000e+01
   7.3520000e+01
   7.3840000e+01
   7.4060000e+01
   7.4560000e+01
   7.5100000e+01
   7.5620000e+01
   7.6140000e+01
   7.6660000e+01
   7.7180000e+01
   7.8600000e+01
   8.0620000e+01
   8.2640000e+01
   8.4660000e+01
   8.6600000e+01
   8.8400000e+01
   9.0220000e+01
   9.2000000e+01
   9.3800000e+01
   9.5580000e+01
   9.7300000e+01
   9.8800000e+01
   1.0030000e+02
   1.0184000e+02
   1.0332000e+02
   1.0490000e+02
   1.0640000e+02
   1.0790000e+02
   1.0940000e+02
   1.1062000e+02
   1.1170000e+02
   1.1278000e+02
   1.1386000e+02
   1.1498000e+02
   1.1604000e+02
   1.1710000e+02
   1.1818000e+02
   1.1932000e+02
   1.2038000e+02
   1.2144000e+02
   1.2260000e+02
