   5.1530337e+01
   5.1527725e+01
   5.1530010e+01
   5.1530006e+01
   5.1530599e+01
   5.1527331e+01
   5.1529704e+01
   5.1527692e+01
   5.1526809e+01
   5.1521583e+01
   5.1526744e+01
   5.1534719e+01
   5.1534782e+01
   5.1515497e+01
   5.1530366e+01
   5.1533013e+01
   5.1527566e+01
   5.1529146e+01
   5.1524036e+01
   5.1533651e+01
   5.1535065e+01
   5.1526965e+01
   5.1528807e+01
   5.1516197e+01
   5.1531198e+01
   5.1532738e+01
   5.1532424e+01
   5.1530413e+01
   5.1529824e+01
   5.1531135e+01
   5.1528686e+01
   5.1523697e+01
   5.1529219e+01
   5.1530630e+01
   5.1530671e+01
   5.1527573e+01
   5.1531256e+01
   5.1524954e+01
   5.1531368e+01
   5.1530188e+01
   5.1529400e+01
   5.1532174e+01
   5.1519195e+01
   5.1528486e+01
   5.1527306e+01
   5.1529307e+01
   5.1531571e+01
   5.1532982e+01
   5.1523674e+01
   5.1529756e+01
   5.1528576e+01
   5.1528010e+01
   5.1517681e+01
   5.1532401e+01
   5.1532337e+01
   5.1532763e+01
   5.1529751e+01
   5.1526310e+01
   5.1531406e+01
   5.1520668e+01
   5.1530647e+01
   5.1528924e+01
   5.1530562e+01
   5.1529541e+01
   5.1531872e+01
   5.1522090e+01
   5.1530326e+01
   5.1528389e+01
   5.1533067e+01
   5.1528002e+01
   5.1515953e+01
   5.1529343e+01
   5.1529619e+01
   5.1532963e+01
   5.1525134e+01
   5.1509662e+01
   5.1530445e+01
   5.1530697e+01
   5.1530073e+01
   5.1531205e+01
   5.1530831e+01
   5.1528856e+01
   5.1529832e+01
   5.1528732e+01
   5.1526094e+01
   5.1525297e+01
   5.1530970e+01
   5.1527189e+01
   5.1528661e+01
   5.1526854e+01
   5.1529708e+01
   5.1518168e+01
   5.1528719e+01
   5.1529043e+01
   5.1530091e+01
   5.1530397e+01
   5.1525872e+01
   5.1528676e+01
   5.1529761e+01
   5.1528395e+01
   5.1519160e+01
