  -7.3554850e+02
  -7.3204955e+02
  -7.2855060e+02
  -7.2509010e+02
  -7.2162960e+02
  -7.1820755e+02
  -7.1478550e+02
  -7.1140190e+02
  -7.0801830e+02
  -7.0463470e+02
  -7.0128955e+02
  -6.9794440e+02
  -6.9463770e+02
  -6.9133100e+02
  -6.8802430e+02
  -6.8475605e+02
  -6.8148780e+02
  -6.7825800e+02
  -6.7502820e+02
  -6.7183685e+02
  -6.6860705e+02
  -6.6545415e+02
  -6.6226280e+02
  -6.5910990e+02
  -6.5599545e+02
  -6.5288100e+02
  -6.4976655e+02
  -6.4669055e+02
  -6.4361455e+02
  -6.4053855e+02
  -6.3750100e+02
  -6.3446345e+02
  -6.3142590e+02
  -6.2842680e+02
  -6.2546615e+02
  -6.2246705e+02
  -6.1950640e+02
  -6.1658420e+02
  -6.1362355e+02
  -6.1073980e+02
  -6.0781760e+02
  -6.0493385e+02
  -6.0205010e+02
  -5.9920480e+02
  -5.9632105e+02
  -5.9351420e+02
  -5.9066890e+02
  -5.8786205e+02
  -5.8509365e+02
  -5.8228680e+02
  -5.7951840e+02
  -5.7678845e+02
  -5.7402005e+02
  -5.7129010e+02
  -5.6859860e+02
  -5.6586865e+02
  -5.6317715e+02
  -5.6052410e+02
  -5.5787105e+02
  -5.5521800e+02
  -5.5256495e+02
  -5.4995035e+02
  -5.4733575e+02
  -5.4472115e+02
  -5.4214500e+02
  -5.3956885e+02
  -5.3699270e+02
  -5.3445500e+02
  -5.3191730e+02
  -5.2937960e+02
  -5.2684190e+02
  -5.2434265e+02
  -5.2184340e+02
  -5.1938260e+02
  -5.1692180e+02
  -5.1446100e+02
  -5.1200020e+02
  -5.0957785e+02
  -5.0715550e+02
  -5.0473315e+02
  -5.0234925e+02
  -4.9996535e+02
  -4.9758145e+02
  -4.9523600e+02
  -4.9289055e+02
  -4.9054510e+02
  -4.8819965e+02
  -4.8589265e+02
  -4.8358565e+02
  -4.8127865e+02
  -4.7897165e+02
  -4.7670310e+02
  -4.7443455e+02
  -4.7220445e+02
  -4.6993590e+02
  -4.6770580e+02
  -4.6551415e+02
  -4.6328405e+02
  -4.6109240e+02
  -4.5890075e+02
  -4.5670910e+02
