   1.9130000e+23
   1.9084000e+23
   1.9039000e+23
   1.8994000e+23
   1.8948000e+23
   1.8903000e+23
   1.8858000e+23
   1.8813000e+23
   1.8768000e+23
   1.8724000e+23
   1.8679000e+23
   1.8635000e+23
   1.8590000e+23
   1.8546000e+23
   1.8502000e+23
   1.8458000e+23
   1.8414000e+23
   1.8370000e+23
   1.8326000e+23
   1.8282000e+23
   1.8239000e+23
   1.8195000e+23
   1.8152000e+23
   1.8109000e+23
   1.8066000e+23
   1.8023000e+23
   1.7980000e+23
   1.7937000e+23
   1.7894000e+23
   1.7852000e+23
   1.7809000e+23
   1.7767000e+23
   1.7724000e+23
   1.7682000e+23
   1.7640000e+23
   1.7598000e+23
   1.7556000e+23
   1.7514000e+23
   1.7473000e+23
   1.7431000e+23
   1.7389000e+23
   1.7348000e+23
   1.7307000e+23
   1.7266000e+23
   1.7224000e+23
   1.7183000e+23
   1.7142000e+23
   1.7102000e+23
   1.7061000e+23
   1.7020000e+23
   1.6980000e+23
   1.6939000e+23
   1.6899000e+23
   1.6859000e+23
   1.6819000e+23
   1.6779000e+23
   1.6739000e+23
   1.6699000e+23
   1.6659000e+23
   1.6619000e+23
   1.6580000e+23
   1.6540000e+23
   1.6501000e+23
   1.6462000e+23
   1.6422000e+23
   1.6383000e+23
   1.6344000e+23
   1.6305000e+23
   1.6267000e+23
   1.6228000e+23
   1.6189000e+23
   1.6151000e+23
   1.6112000e+23
   1.6074000e+23
   1.6036000e+23
   1.5997000e+23
   1.5959000e+23
   1.5921000e+23
   1.5884000e+23
   1.5846000e+23
   1.5808000e+23
   1.5770000e+23
   1.5733000e+23
   1.5695000e+23
   1.5658000e+23
   1.5621000e+23
   1.5584000e+23
   1.5546000e+23
   1.5509000e+23
   1.5473000e+23
   1.5436000e+23
   1.5399000e+23
   1.5362000e+23
   1.5326000e+23
   1.5289000e+23
   1.5253000e+23
   1.5217000e+23
   1.5180000e+23
   1.5144000e+23
   1.5108000e+23
   1.5072000e+23
