   0.0000000e+00
   2.5000000e+01
   5.0000000e+01
   7.5000000e+01
   1.0000000e+02
   1.2500000e+02
   1.5000000e+02
   1.7500000e+02
   2.0000000e+02
   2.2500000e+02
   2.5000000e+02
   2.7500000e+02
   3.0000000e+02
   3.2500000e+02
   3.5000000e+02
   3.7500000e+02
   4.0000000e+02
   4.2500000e+02
   4.5000000e+02
   4.7500000e+02
   5.0000000e+02
   5.2500000e+02
   5.5000000e+02
   5.7500000e+02
   6.0000000e+02
   6.2500000e+02
   6.5000000e+02
   6.7500000e+02
   7.0000000e+02
   7.2500000e+02
   7.5000000e+02
   7.7500000e+02
   8.0000000e+02
   8.2500000e+02
   8.5000000e+02
   8.7500000e+02
   9.0000000e+02
   9.2500000e+02
   9.5000000e+02
   9.7500000e+02
   1.0000000e+03
   1.0250000e+03
   1.0500000e+03
   1.0750000e+03
   1.1000000e+03
   1.1250000e+03
   1.1500000e+03
   1.1750000e+03
   1.2000000e+03
   1.2250000e+03
   1.2500000e+03
   1.2750000e+03
   1.3000000e+03
   1.3250000e+03
   1.3500000e+03
   1.3750000e+03
   1.4000000e+03
   1.4250000e+03
   1.4500000e+03
   1.4750000e+03
   1.5000000e+03
   1.5250000e+03
   1.5500000e+03
   1.5750000e+03
   1.6000000e+03
   1.6250000e+03
   1.6500000e+03
   1.6750000e+03
   1.7000000e+03
   1.7250000e+03
   1.7500000e+03
   1.7750000e+03
   1.8000000e+03
   1.8250000e+03
   1.8500000e+03
   1.8750000e+03
   1.9000000e+03
   1.9250000e+03
   1.9500000e+03
   1.9750000e+03
   2.0000000e+03
   2.0250000e+03
   2.0500000e+03
   2.0750000e+03
   2.1000000e+03
   2.1250000e+03
   2.1500000e+03
   2.1750000e+03
   2.2000000e+03
   2.2250000e+03
   2.2500000e+03
   2.2750000e+03
   2.3000000e+03
   2.3250000e+03
   2.3500000e+03
   2.3750000e+03
   2.4000000e+03
   2.4250000e+03
   2.4500000e+03
   2.4750000e+03
   2.5000000e+03
