   3.0196311e+05
   2.6914572e+05
   2.4232826e+05
   2.1749318e+05
   1.9517133e+05
   1.7501918e+05
   1.5690982e+05
   1.4060877e+05
   1.2619493e+05
   1.1336779e+05
   1.0176899e+05
   9.1150162e+04
   8.1204039e+04
   7.2048306e+04
   6.3640823e+04
   5.5550779e+04
   4.8233327e+04
   4.1354689e+04
   3.4486555e+04
   2.8681610e+04
   2.3692438e+04
   1.9669590e+04
   1.6515033e+04
   1.3868146e+04
   1.1653888e+04
   9.8302436e+03
   8.2924117e+03
   7.0441268e+03
   6.0087132e+03
   5.1169644e+03
   4.3593106e+03
   3.7154448e+03
   3.1761475e+03
   2.7200613e+03
   2.3336485e+03
   2.0055886e+03
   1.7268953e+03
   1.4892823e+03
   1.2863310e+03
   1.1128362e+03
   9.6415303e+02
   8.3876436e+02
   7.3039138e+02
   6.3665331e+02
   5.5548445e+02
   4.8512254e+02
   4.2574264e+02
   3.7379691e+02
   3.2832834e+02
   2.8850833e+02
   2.5361331e+02
   2.2439018e+02
   1.9846983e+02
   1.7549046e+02
   1.5512531e+02
   1.3708260e+02
   1.2189918e+02
   1.0827961e+02
   9.6080358e+01
   8.5163700e+01
   7.5403597e+01
   6.6784876e+01
   5.9064789e+01
   5.2160476e+01
   4.5993743e+01
   4.0492233e+01
   3.5622102e+01
   3.1274812e+01
   2.7401347e+01
   2.3956193e+01
   2.0898502e+01
   1.8136076e+01
   1.5713265e+01
   1.3590387e+01
   1.1734765e+01
   1.0114422e+01
   8.6641195e+00
   7.4154845e+00
   6.3413246e+00
   5.4180653e+00
   4.6241246e+00
   3.9614226e+00
   3.3909176e+00
   2.9008054e+00
   2.4793316e+00
   2.1175846e+00
   1.7915717e+00
   1.5143391e+00
   1.2789510e+00
   1.0789549e+00
   9.0906780e-01
   7.6284549e-01
   6.3800135e-01
   5.3166359e-01
   4.4151821e-01
   3.6548803e-01
   3.0187843e-01
   2.4903707e-01
   2.0527576e-01
   1.6908801e-01
   1.3920908e-01
