   2.0972868e+06
   1.8862150e+06
   1.6914802e+06
   1.5225832e+06
   1.3669401e+06
   1.2240473e+06
   1.0972321e+06
   9.8083518e+05
   8.7573095e+05
   7.8070522e+05
   6.9030778e+05
   6.1047627e+05
   5.3064475e+05
   4.6020518e+05
   3.9446159e+05
   3.3223997e+05
   2.7941029e+05
   2.3245058e+05
   1.9488281e+05
   1.6435899e+05
   1.3853115e+05
   1.1728188e+05
   9.9906789e+04
   8.5114479e+04
   7.2552756e+04
   6.1869422e+04
   5.2829677e+04
   4.5211919e+04
   3.8742714e+04
   3.3224812e+04
   2.8528725e+04
   2.4537052e+04
   2.1132389e+04
   1.8197335e+04
   1.5731890e+04
   1.3618651e+04
   1.1740216e+04
   1.0202248e+04
   8.8873437e+03
   7.7485427e+03
   6.7623646e+03
   5.9053288e+03
   5.1774354e+03
   4.5552039e+03
   4.0151540e+03
   3.5338051e+03
   3.1111573e+03
   2.7472106e+03
   2.4419650e+03
   2.1601998e+03
   1.9136552e+03
   1.7023314e+03
   1.5027477e+03
   1.3383847e+03
   1.1857618e+03
   1.0437052e+03
   9.2160697e+02
   8.1242296e+02
   7.1732721e+02
   6.3162363e+02
   5.5413821e+02
   4.8604495e+02
   4.2499583e+02
   3.7099083e+02
   3.2285595e+02
   2.8059117e+02
   2.4419650e+02
   2.1132389e+02
   1.8197335e+02
   1.5614488e+02
   1.3383847e+02
   1.1458451e+02
   9.7913403e+01
   8.3472937e+01
   7.1145710e+01
   6.0462114e+01
   5.1422147e+01
   4.3547491e+01
   3.6948389e+01
   3.1294355e+01
   2.6585684e+01
   2.2476216e+01
   1.8946392e+01
   1.5774483e+01
   1.3191180e+01
   1.0999764e+01
   9.1798957e+00
   7.6506376e+00
   6.3971965e+00
   5.3320029e+00
   4.4396495e+00
   3.6763300e+00
   3.0421235e+00
   2.4904244e+00
   2.0446630e+00
   1.6824263e+00
   1.3916366e+00
   1.1377275e+00
   9.4098725e-01
   7.7833877e-01
   6.4695917e-01
   5.3871276e-01
   4.5031324e-01
   3.7688831e-01
   3.1705115e-01
   2.6843574e-01
   2.2770117e-01
   1.9477102e-01
   1.6628291e-01
   1.4338147e-01
   1.2383093e-01
   1.0762674e-01
   9.4274342e-02
   8.2584643e-02
   7.2767347e-02
   6.4263057e-02
   5.6964028e-02
   5.0622272e-02
   4.5101753e-02
   4.0340415e-02
   3.6225257e-02
   3.2655188e-02
   2.9513766e-02
   2.6793574e-02
   2.4400122e-02
   2.2223314e-02
   2.0364727e-02
   1.8713712e-02
   1.7173370e-02
   1.5841986e-02
   1.4617238e-02
   1.3595570e-02
   1.2581721e-02
   1.1673688e-02
   1.0867351e-02
   1.0162279e-02
   9.4628695e-03
   8.8917963e-03
   8.3426422e-03
   7.8331810e-03
   7.3587014e-03
   6.9328376e-03
   6.5284820e-03
   6.1644025e-03
   5.8211622e-03
   5.5080795e-03
   5.2153960e-03
   4.9426945e-03
   4.6898603e-03
   4.4489498e-03
   4.2268782e-03
   4.0240445e-03
   3.8310557e-03
   3.6501470e-03
   3.4778509e-03
   3.3166138e-03
   3.1639896e-03
   3.0219935e-03
   2.8895598e-03
   2.7665340e-03
   2.6447917e-03
   2.5319849e-03
   2.4291545e-03
   2.3261291e-03
   2.2330891e-03
   2.1407538e-03
   2.0570017e-03
   1.9736673e-03
   1.8917956e-03
   1.8183017e-03
   1.7532801e-03
   1.6811846e-03
   1.6174001e-03
   1.5620626e-03
   1.4994714e-03
   1.4448419e-03
   1.3910068e-03
   1.3456506e-03
   1.2926377e-03
   1.2475561e-03
   1.2032285e-03
   1.1590546e-03
   1.1230760e-03
   1.0793940e-03
   1.0438376e-03
   1.0088724e-03
   9.7383563e-04
   9.3925451e-04
   9.1235518e-04
   8.7827351e-04
   8.5197707e-04
   8.2571119e-04
   7.9256023e-04
   7.6687808e-04
   7.4131835e-04
   7.2337403e-04
   6.9746094e-04
   6.7470505e-04
   6.5359703e-04
   6.3275200e-04
   6.1277130e-04
   5.9350012e-04
   5.7524237e-04
   5.5702721e-04
   5.4046834e-04
   5.2323093e-04
   5.0758432e-04
   4.9202471e-04
   4.7670007e-04
   4.6267738e-04
   4.4824379e-04
   4.3535884e-04
   4.2185616e-04
   4.0968308e-04
   3.9704711e-04
   3.8583708e-04
   3.7407357e-04
   3.6307381e-04
   3.5273872e-04
   3.4197738e-04
   3.3246963e-04
   3.2250831e-04
   3.1318087e-04
   3.0396758e-04
   2.9541055e-04
   2.8701818e-04
   2.7877603e-04
   2.7105226e-04
   2.6292012e-04
   2.5597564e-04
   2.4860077e-04
   2.4117041e-04
   2.3445309e-04
   2.2789719e-04
   2.2180064e-04
   2.1535723e-04
   2.0943057e-04
   2.0368546e-04
   1.9797384e-04
   1.9276768e-04
   1.8712989e-04
   1.8206740e-04
   1.7708295e-04
   1.7217446e-04
   1.6727782e-04
   1.6293815e-04
   1.5872941e-04
   1.5395776e-04
   1.4981107e-04
   1.4570886e-04
   1.4217253e-04
