   3.0030000e+02
   2.9400000e+02
   2.8820000e+02
   2.8310000e+02
   2.7770000e+02
   2.7240000e+02
   2.6720000e+02
   2.6140000e+02
   2.5500000e+02
   2.4760000e+02
   2.4000000e+02
   2.3200000e+02
   2.2420000e+02
   2.1660000e+02
   2.0930000e+02
   2.0300000e+02
   1.9710000e+02
   1.9340000e+02
   1.9450000e+02
   1.9650000e+02
   2.0080000e+02
   2.0460000e+02
   2.0720000e+02
   2.0990000e+02
   2.1260000e+02
   2.1550000e+02
   2.1850000e+02
   2.2060000e+02
   2.2250000e+02
   2.2480000e+02
   2.2740000e+02
   2.3040000e+02
   2.3310000e+02
   2.3580000e+02
   2.3850000e+02
   2.4120000e+02
   2.4380000e+02
   2.4640000e+02
   2.4910000e+02
   2.5170000e+02
   2.5430000e+02
   2.5630000e+02
   2.5820000e+02
   2.6020000e+02
   2.6210000e+02
   2.6410000e+02
   2.6490000e+02
   2.6580000e+02
   2.6660000e+02
   2.6750000e+02
   2.6840000e+02
   2.6760000e+02
   2.6690000e+02
   2.6610000e+02
   2.6540000e+02
   2.6460000e+02
   2.6230000e+02
   2.5990000e+02
   2.5750000e+02
   2.5520000e+02
   2.5280000e+02
   2.4990000e+02
   2.4690000e+02
   2.4400000e+02
   2.4110000e+02
   2.3820000e+02
   2.3460000e+02
   2.3110000e+02
   2.2760000e+02
   2.2410000e+02
   2.2050000e+02
   2.1810000e+02
   2.1570000e+02
   2.1330000e+02
   2.1090000e+02
   2.0840000e+02
   2.0740000e+02
   2.0640000e+02
   2.0540000e+02
   2.0430000e+02
   2.0330000e+02
   2.0250000e+02
   2.0160000e+02
   2.0080000e+02
   1.9990000e+02
   1.9910000e+02
   1.9820000e+02
   1.9730000e+02
   1.9650000e+02
   1.9560000e+02
   1.9470000e+02
   1.9280000e+02
   1.9090000e+02
   1.8900000e+02
   1.8720000e+02
   1.8550000e+02
   1.8600000e+02
   1.8660000e+02
   1.8740000e+02
   1.8850000e+02
   1.8980000e+02
