   1.2383658e+02
   1.2109499e+02
   1.2012505e+02
   1.1920700e+02
   1.1843639e+02
   1.1790568e+02
   1.1755306e+02
   1.1721304e+02
   1.1703138e+02
   1.1690776e+02
   1.1680400e+02
   1.1672749e+02
   1.1669259e+02
   1.1670577e+02
   1.1670577e+02
   1.1670577e+02
   1.1670577e+02
   1.1670577e+02
   1.1670577e+02
   1.1670577e+02
   1.1670577e+02
   1.1670577e+02
   1.1670577e+02
   1.1670577e+02
   1.1670577e+02
   1.1670577e+02
   1.1670577e+02
   1.1670577e+02
   1.1670577e+02
   1.1670577e+02
   1.1670577e+02
   1.1670577e+02
   1.1670577e+02
   1.1670577e+02
   1.1670577e+02
   1.1670577e+02
   1.1670577e+02
   1.1670577e+02
   1.1670577e+02
   1.1670577e+02
   1.1670577e+02
   1.1670577e+02
   1.1670577e+02
   1.1670577e+02
   1.1670577e+02
   1.1670577e+02
   1.1670577e+02
   1.1670577e+02
   1.1670577e+02
   1.1670577e+02
   1.1670577e+02
   1.1670577e+02
   1.1670577e+02
   1.1670577e+02
   1.1670577e+02
   1.1670577e+02
   1.1670577e+02
   1.1670577e+02
   1.1670577e+02
   1.1670577e+02
   1.1670577e+02
   1.1670577e+02
   1.1670577e+02
   1.1670577e+02
   1.1670577e+02
   1.1670577e+02
   1.1670577e+02
   1.1670577e+02
   1.1670577e+02
   1.1670577e+02
   1.1670577e+02
   1.1670577e+02
   1.1670577e+02
   1.1670577e+02
   1.1670577e+02
   1.1670577e+02
   1.1670577e+02
   1.1670577e+02
   1.1670577e+02
   1.1670577e+02
   1.1668243e+02
   1.1659816e+02
   1.1650636e+02
   1.1642807e+02
   1.1633501e+02
   1.1624860e+02
   1.1613221e+02
   1.1601464e+02
   1.1588900e+02
   1.1573416e+02
   1.1553254e+02
   1.1538161e+02
   1.1510245e+02
   1.1467659e+02
   1.1412573e+02
   1.1348093e+02
   1.1264961e+02
   1.1171088e+02
   1.1071450e+02
   1.0966211e+02
   1.0856202e+02
