  -1.5098155e+05
  -1.3457286e+05
  -1.2116413e+05
  -1.0874659e+05
  -9.7585667e+04
  -8.7509592e+04
  -7.8454911e+04
  -7.0304384e+04
  -6.3097467e+04
  -5.6683897e+04
  -5.0884493e+04
  -4.5575081e+04
  -4.0602019e+04
  -3.6024153e+04
  -3.1820411e+04
  -2.7775389e+04
  -2.4116664e+04
  -2.0677345e+04
  -1.7243277e+04
  -1.4340805e+04
  -1.1846219e+04
  -9.8347951e+03
  -8.2575166e+03
  -6.9340732e+03
  -5.8269440e+03
  -4.9151218e+03
  -4.1462058e+03
  -3.5220634e+03
  -3.0043566e+03
  -2.5584822e+03
  -2.1796553e+03
  -1.8577224e+03
  -1.5880737e+03
  -1.3600307e+03
  -1.1668243e+03
  -1.0027943e+03
  -8.6344763e+02
  -7.4464115e+02
  -6.4316549e+02
  -5.5641809e+02
  -4.8207652e+02
  -4.1938218e+02
  -3.6519569e+02
  -3.1832665e+02
  -2.7774222e+02
  -2.4256127e+02
  -2.1287132e+02
  -1.8689845e+02
  -1.6416417e+02
  -1.4425416e+02
  -1.2680665e+02
  -1.1219509e+02
  -9.9234915e+01
  -8.7745232e+01
  -7.7562654e+01
  -6.8541298e+01
  -6.0949588e+01
  -5.4139806e+01
  -4.8040179e+01
  -4.2581850e+01
  -3.7701798e+01
  -3.3392438e+01
  -2.9532395e+01
  -2.6080238e+01
  -2.2996872e+01
  -2.0246117e+01
  -1.7811051e+01
  -1.5637406e+01
  -1.3700674e+01
  -1.1978097e+01
  -1.0449251e+01
  -9.0680382e+00
  -7.8566323e+00
  -6.7951934e+00
  -5.8673825e+00
  -5.0572111e+00
  -4.3320598e+00
  -3.7077423e+00
  -3.1706623e+00
  -2.7090326e+00
  -2.3120623e+00
  -1.9807113e+00
  -1.6954588e+00
  -1.4504027e+00
  -1.2396658e+00
  -1.0587923e+00
  -8.9578583e-01
  -7.5716955e-01
  -6.3947551e-01
  -5.3947743e-01
  -4.5453390e-01
  -3.8142274e-01
  -3.1900068e-01
  -2.6583179e-01
  -2.2075910e-01
  -1.8274401e-01
  -1.5093922e-01
  -1.2451853e-01
  -1.0263788e-01
  -8.4544007e-02
  -6.9604540e-02
