   1.8000000e+25
   1.7800000e+25
   1.7700000e+25
   1.7500000e+25
   1.7300000e+25
   1.7100000e+25
   1.7000000e+25
   1.6800000e+25
   1.6600000e+25
   1.6500000e+25
   1.6300000e+25
   1.6100000e+25
   1.6000000e+25
   1.5800000e+25
   1.5700000e+25
   1.5500000e+25
   1.5300000e+25
   1.5200000e+25
   1.5000000e+25
   1.4900000e+25
   1.4700000e+25
   1.4500000e+25
   1.4400000e+25
   1.4200000e+25
   1.4100000e+25
   1.3900000e+25
   1.3800000e+25
   1.3700000e+25
   1.3500000e+25
   1.3400000e+25
   1.3200000e+25
   1.3100000e+25
   1.2900000e+25
   1.2800000e+25
   1.2700000e+25
   1.2500000e+25
   1.2400000e+25
   1.2300000e+25
   1.2100000e+25
   1.2000000e+25
   1.1900000e+25
   1.1800000e+25
   1.1600000e+25
   1.1500000e+25
   1.1400000e+25
   1.1300000e+25
   1.1100000e+25
   1.1000000e+25
   1.0900000e+25
   1.0800000e+25
   1.0700000e+25
   1.0600000e+25
   1.0400000e+25
   1.0300000e+25
   1.0200000e+25
   1.0100000e+25
   1.0000000e+25
   9.8900000e+24
   9.7800000e+24
   9.6800000e+24
   9.5700000e+24
   9.4700000e+24
   9.3700000e+24
   9.2700000e+24
   9.1700000e+24
   9.0700000e+24
   8.9700000e+24
   8.8700000e+24
   8.7700000e+24
   8.6800000e+24
   8.5800000e+24
   8.4900000e+24
   8.3900000e+24
   8.3000000e+24
   8.2100000e+24
   8.1100000e+24
   8.0200000e+24
   7.9400000e+24
   7.8500000e+24
   7.7600000e+24
   7.6700000e+24
   7.5900000e+24
   7.5000000e+24
   7.4100000e+24
   7.3300000e+24
   7.2400000e+24
   7.1600000e+24
   7.0800000e+24
   6.9900000e+24
   6.9100000e+24
   6.8300000e+24
   6.7500000e+24
   6.6800000e+24
   6.6000000e+24
   6.5200000e+24
   6.4500000e+24
   6.3700000e+24
   6.2900000e+24
   6.2100000e+24
   6.1400000e+24
   6.0600000e+24
   5.9900000e+24
   5.9100000e+24
   5.8400000e+24
   5.7700000e+24
   5.7000000e+24
   5.6300000e+24
   5.5600000e+24
   5.4900000e+24
   5.4200000e+24
   5.3600000e+24
   5.2900000e+24
   5.2200000e+24
   5.1600000e+24
   5.1000000e+24
   5.0200000e+24
   4.9500000e+24
   4.8800000e+24
   4.8100000e+24
   4.7400000e+24
   4.6800000e+24
