   8.9819000e+26
   8.8905000e+26
   8.8000000e+26
   8.7105000e+26
   8.6218000e+26
   8.5341000e+26
   8.4461000e+26
   8.3589000e+26
   8.2727000e+26
   8.1874000e+26
   8.1030000e+26
   8.0186000e+26
   7.9351000e+26
   7.8525000e+26
   7.7707000e+26
   7.6898000e+26
   7.6091000e+26
   7.5293000e+26
   7.4503000e+26
   7.3721000e+26
   7.2947000e+26
   7.2168000e+26
   7.1398000e+26
   7.0635000e+26
   6.9881000e+26
   6.9135000e+26
   6.8390000e+26
   6.7653000e+26
   6.6924000e+26
   6.6203000e+26
   6.5489000e+26
   6.4772000e+26
   6.4063000e+26
   6.3361000e+26
   6.2668000e+26
   6.1982000e+26
   6.1287000e+26
   6.0600000e+26
   5.9921000e+26
   5.9249000e+26
   5.8585000e+26
   5.7930000e+26
   5.7283000e+26
   5.6642000e+26
   5.6009000e+26
   5.5383000e+26
   5.4750000e+26
   5.4125000e+26
   5.3507000e+26
   5.2896000e+26
   5.2291000e+26
   5.1684000e+26
   5.1084000e+26
   5.0491000e+26
   4.9904000e+26
   4.9325000e+26
   4.8746000e+26
   4.8173000e+26
   4.7608000e+26
   4.7049000e+26
   4.6497000e+26
   4.5946000e+26
   4.5402000e+26
   4.4864000e+26
   4.4332000e+26
   4.3807000e+26
   4.3279000e+26
   4.2757000e+26
   4.2241000e+26
   4.1732000e+26
   4.1229000e+26
   4.0720000e+26
   4.0218000e+26
   3.9721000e+26
   3.9231000e+26
   3.8747000e+26
   3.8270000e+26
   3.7798000e+26
   3.7333000e+26
   3.6873000e+26
   3.6418000e+26
   3.5966000e+26
   3.5520000e+26
   3.5079000e+26
   3.4644000e+26
   3.4214000e+26
   3.3788000e+26
   3.3367000e+26
   3.2951000e+26
   3.2540000e+26
   3.2135000e+26
   3.1725000e+26
   3.1321000e+26
   3.0921000e+26
   3.0527000e+26
   3.0138000e+26
   2.9754000e+26
   2.9375000e+26
   2.9001000e+26
   2.8632000e+26
   2.8267000e+26
   2.7903000e+26
   2.7543000e+26
   2.7188000e+26
   2.6838000e+26
   2.6492000e+26
   2.6142000e+26
   2.5797000e+26
   2.5456000e+26
   2.5119000e+26
   2.4787000e+26
   2.4454000e+26
   2.4125000e+26
   2.3801000e+26
   2.3481000e+26
   2.3165000e+26
   2.2855000e+26
   2.2548000e+26
   2.2246000e+26
   2.1948000e+26
   2.1654000e+26
   2.1355000e+26
   2.1060000e+26
   2.0769000e+26
   2.0482000e+26
   2.0198000e+26
   1.9919000e+26
   1.9644000e+26
   1.9372000e+26
   1.9104000e+26
   1.8840000e+26
   1.8572000e+26
   1.8307000e+26
   1.8047000e+26
   1.7790000e+26
   1.7537000e+26
   1.7286000e+26
   1.7038000e+26
   1.6794000e+26
   1.6554000e+26
   1.6317000e+26
   1.6077000e+26
   1.5841000e+26
   1.5608000e+26
   1.5378000e+26
   1.5152000e+26
   1.4930000e+26
   1.4710000e+26
   1.4494000e+26
   1.4281000e+26
   1.4071000e+26
   1.3858000e+26
   1.3649000e+26
   1.3443000e+26
   1.3240000e+26
   1.3040000e+26
   1.2839000e+26
   1.2641000e+26
   1.2447000e+26
   1.2255000e+26
   1.2066000e+26
   1.1877000e+26
   1.1690000e+26
   1.1506000e+26
   1.1325000e+26
   1.1147000e+26
   1.0970000e+26
   1.0795000e+26
   1.0622000e+26
   1.0453000e+26
   1.0286000e+26
   1.0118000e+26
   9.9516000e+25
   9.7884000e+25
   9.6278000e+25
   9.4698000e+25
   9.3101000e+25
   9.1531000e+25
   8.9987000e+25
   8.8469000e+25
   8.6977000e+25
   8.5508000e+25
   8.4065000e+25
   8.2646000e+25
   8.1251000e+25
   7.9879000e+25
   7.8483000e+25
   7.7112000e+25
   7.5765000e+25
   7.4442000e+25
   7.3141000e+25
   7.1840000e+25
   7.0562000e+25
   6.9306000e+25
   6.8073000e+25
   6.6861000e+25
   6.5657000e+25
   6.4474000e+25
   6.3313000e+25
   6.2173000e+25
   6.1053000e+25
   5.9934000e+25
   5.8836000e+25
   5.7758000e+25
   5.6699000e+25
   5.5660000e+25
   5.4597000e+25
   5.3555000e+25
   5.2532000e+25
   5.1529000e+25
   5.0545000e+25
   4.9556000e+25
   4.8586000e+25
   4.7635000e+25
   4.6703000e+25
   4.5790000e+25
   4.4872000e+25
   4.3973000e+25
   4.3091000e+25
   4.2228000e+25
   4.1381000e+25
   4.0538000e+25
   3.9712000e+25
   3.8903000e+25
   3.8110000e+25
   3.7333000e+25
   3.6562000e+25
   3.5806000e+25
   3.5066000e+25
   3.4341000e+25
   3.3632000e+25
   3.2938000e+25
   3.2259000e+25
   3.1594000e+25
   3.0943000e+25
   3.0305000e+25
   2.9672000e+25
   2.9052000e+25
   2.8445000e+25
   2.7850000e+25
   2.7269000e+25
   2.6708000e+25
   2.6159000e+25
   2.5622000e+25
   2.5095000e+25
   2.4579000e+25
   2.4062000e+25
   2.3555000e+25
   2.3059000e+25
   2.2573000e+25
   2.2098000e+25
   2.1629000e+25
   2.1170000e+25
   2.0721000e+25
   2.0282000e+25
   1.9852000e+25
   1.9423000e+25
   1.9004000e+25
   1.8594000e+25
   1.8193000e+25
   1.7800000e+25
   1.7421000e+25
   1.7050000e+25
   1.6687000e+25
   1.6332000e+25
   1.5984000e+25
   1.5634000e+25
   1.5291000e+25
   1.4955000e+25
   1.4627000e+25
   1.4307000e+25
   1.3984000e+25
   1.3668000e+25
   1.3360000e+25
   1.3058000e+25
   1.2764000e+25
   1.2466000e+25
   1.2176000e+25
   1.1892000e+25
   1.1615000e+25
   1.1344000e+25
   1.1061000e+25
   1.0785000e+25
   1.0516000e+25
   1.0254000e+25
   9.9980000e+24
   9.7279000e+24
   9.4651000e+24
   9.2094000e+24
   8.9606000e+24
   8.7185000e+24
   8.4717000e+24
   8.2319000e+24
   7.9990000e+24
   7.7726000e+24
   7.5526000e+24
   7.3309000e+24
   7.1157000e+24
   6.9068000e+24
   6.7041000e+24
   6.5073000e+24
   6.3028000e+24
   6.1048000e+24
   5.9129000e+24
   5.7271000e+24
   5.5472000e+24
   5.3729000e+24
   5.2040000e+24
   5.0405000e+24
   4.8821000e+24
   4.7287000e+24
   4.5735000e+24
   4.4233000e+24
   4.2781000e+24
   4.1377000e+24
   4.0019000e+24
   3.8705000e+24
   3.7434000e+24
   3.6205000e+24
   3.5017000e+24
   3.3867000e+24
   3.2717000e+24
   3.1605000e+24
   3.0531000e+24
   2.9494000e+24
   2.8492000e+24
   2.7524000e+24
   2.6588000e+24
   2.5685000e+24
   2.4812000e+24
   2.3969000e+24
   2.3129000e+24
   2.2318000e+24
   2.1535000e+24
   2.0780000e+24
   2.0052000e+24
   1.9349000e+24
   1.8670000e+24
   1.8015000e+24
   1.7384000e+24
   1.6774000e+24
   1.6172000e+24
   1.5591000e+24
   1.5031000e+24
   1.4491000e+24
   1.3970000e+24
   1.3469000e+24
   1.2985000e+24
   1.2518000e+24
   1.2069000e+24
   1.1635000e+24
