   7.3530000e+02
   7.3380000e+02
   7.3230000e+02
   7.3070000e+02
   7.2920000e+02
   7.2770000e+02
   7.2620000e+02
   7.2470000e+02
   7.2320000e+02
   7.2170000e+02
   7.2020000e+02
   7.1860000e+02
   7.1710000e+02
   7.1550000e+02
   7.1400000e+02
   7.1240000e+02
   7.1080000e+02
   7.0930000e+02
   7.0770000e+02
   7.0620000e+02
   7.0460000e+02
   7.0300000e+02
   7.0150000e+02
   6.9990000e+02
   6.9840000e+02
   6.9680000e+02
   6.9520000e+02
   6.9360000e+02
   6.9200000e+02
   6.9040000e+02
   6.8880000e+02
   6.8730000e+02
   6.8570000e+02
   6.8420000e+02
   6.8260000e+02
   6.8110000e+02
   6.7960000e+02
   6.7810000e+02
   6.7660000e+02
   6.7510000e+02
   6.7360000e+02
   6.7200000e+02
   6.7050000e+02
   6.6890000e+02
   6.6740000e+02
   6.6580000e+02
   6.6430000e+02
   6.6280000e+02
   6.6120000e+02
   6.5970000e+02
   6.5820000e+02
   6.5670000e+02
   6.5520000e+02
   6.5360000e+02
   6.5210000e+02
   6.5060000e+02
   6.4910000e+02
   6.4760000e+02
   6.4620000e+02
   6.4470000e+02
   6.4320000e+02
   6.4170000e+02
   6.4010000e+02
   6.3860000e+02
   6.3700000e+02
   6.3550000e+02
   6.3400000e+02
   6.3250000e+02
   6.3110000e+02
   6.2960000e+02
   6.2810000e+02
   6.2660000e+02
   6.2520000e+02
   6.2370000e+02
   6.2230000e+02
   6.2080000e+02
   6.1930000e+02
   6.1780000e+02
   6.1630000e+02
   6.1480000e+02
   6.1330000e+02
   6.1170000e+02
   6.1010000e+02
   6.0840000e+02
   6.0680000e+02
   6.0520000e+02
   6.0360000e+02
   6.0200000e+02
   6.0030000e+02
   5.9870000e+02
   5.9710000e+02
   5.9550000e+02
   5.9400000e+02
   5.9240000e+02
   5.9090000e+02
   5.8930000e+02
   5.8760000e+02
   5.8590000e+02
   5.8410000e+02
   5.8240000e+02
   5.8070000e+02
   5.7900000e+02
   5.7740000e+02
   5.7570000e+02
   5.7410000e+02
   5.7240000e+02
   5.7080000e+02
   5.6920000e+02
   5.6750000e+02
   5.6590000e+02
   5.6430000e+02
   5.6260000e+02
   5.6100000e+02
   5.5930000e+02
   5.5770000e+02
   5.5600000e+02
   5.5430000e+02
   5.5260000e+02
   5.5090000e+02
   5.4920000e+02
   5.4750000e+02
   5.4580000e+02
   5.4420000e+02
   5.4250000e+02
   5.4090000e+02
   5.3920000e+02
   5.3750000e+02
   5.3580000e+02
   5.3410000e+02
   5.3240000e+02
   5.3070000e+02
   5.2900000e+02
   5.2730000e+02
   5.2570000e+02
   5.2400000e+02
   5.2230000e+02
   5.2060000e+02
   5.1890000e+02
   5.1720000e+02
   5.1550000e+02
   5.1380000e+02
   5.1220000e+02
   5.1050000e+02
   5.0890000e+02
   5.0720000e+02
   5.0560000e+02
   5.0390000e+02
   5.0210000e+02
   5.0040000e+02
   4.9860000e+02
   4.9690000e+02
   4.9520000e+02
   4.9350000e+02
   4.9170000e+02
   4.9000000e+02
   4.8830000e+02
   4.8660000e+02
   4.8490000e+02
   4.8330000e+02
   4.8160000e+02
   4.7990000e+02
   4.7830000e+02
   4.7660000e+02
   4.7500000e+02
   4.7330000e+02
   4.7170000e+02
   4.7000000e+02
   4.6840000e+02
   4.6670000e+02
   4.6510000e+02
   4.6340000e+02
   4.6180000e+02
   4.6020000e+02
   4.5870000e+02
   4.5710000e+02
   4.5550000e+02
   4.5400000e+02
   4.5250000e+02
   4.5100000e+02
   4.4950000e+02
   4.4800000e+02
   4.4640000e+02
   4.4480000e+02
   4.4310000e+02
   4.4150000e+02
   4.3990000e+02
   4.3840000e+02
   4.3690000e+02
   4.3550000e+02
   4.3400000e+02
   4.3250000e+02
   4.3100000e+02
   4.2950000e+02
   4.2810000e+02
   4.2660000e+02
   4.2510000e+02
   4.2360000e+02
   4.2210000e+02
   4.2060000e+02
   4.1910000e+02
   4.1760000e+02
   4.1610000e+02
   4.1460000e+02
   4.1300000e+02
   4.1150000e+02
   4.1000000e+02
   4.0870000e+02
   4.0740000e+02
   4.0610000e+02
   4.0480000e+02
   4.0350000e+02
   4.0220000e+02
   4.0090000e+02
   3.9970000e+02
   3.9840000e+02
   3.9710000e+02
   3.9590000e+02
   3.9470000e+02
   3.9360000e+02
   3.9240000e+02
   3.9120000e+02
   3.9000000e+02
   3.8890000e+02
   3.8770000e+02
   3.8660000e+02
   3.8540000e+02
   3.8430000e+02
   3.8310000e+02
   3.8200000e+02
   3.8080000e+02
   3.7970000e+02
   3.7840000e+02
   3.7710000e+02
   3.7570000e+02
   3.7440000e+02
   3.7310000e+02
   3.7180000e+02
   3.7040000e+02
   3.6910000e+02
   3.6770000e+02
   3.6640000e+02
   3.6480000e+02
   3.6330000e+02
   3.6170000e+02
   3.6020000e+02
   3.5860000e+02
   3.5700000e+02
   3.5540000e+02
   3.5370000e+02
   3.5210000e+02
   3.5050000e+02
   3.4880000e+02
   3.4710000e+02
   3.4540000e+02
   3.4370000e+02
   3.4200000e+02
   3.4030000e+02
   3.3850000e+02
   3.3680000e+02
   3.3500000e+02
   3.3330000e+02
   3.3120000e+02
   3.2920000e+02
   3.2710000e+02
   3.2510000e+02
   3.2300000e+02
   3.2100000e+02
   3.1890000e+02
   3.1690000e+02
   3.1480000e+02
   3.1280000e+02
   3.1070000e+02
   3.0860000e+02
   3.0650000e+02
   3.0440000e+02
   3.0230000e+02
   3.0020000e+02
   2.9810000e+02
   2.9600000e+02
   2.9390000e+02
   2.9180000e+02
   2.8990000e+02
   2.8810000e+02
   2.8620000e+02
   2.8440000e+02
   2.8250000e+02
   2.8100000e+02
   2.7960000e+02
   2.7810000e+02
   2.7670000e+02
   2.7520000e+02
   2.7390000e+02
   2.7260000e+02
   2.7130000e+02
   2.7000000e+02
   2.6870000e+02
   2.6750000e+02
   2.6630000e+02
   2.6520000e+02
   2.6400000e+02
   2.6280000e+02
   2.6200000e+02
   2.6110000e+02
   2.6030000e+02
   2.5950000e+02
   2.5860000e+02
   2.5780000e+02
   2.5700000e+02
   2.5620000e+02
   2.5530000e+02
   2.5450000e+02
   2.5380000e+02
   2.5310000e+02
   2.5240000e+02
   2.5170000e+02
   2.5100000e+02
   2.5030000e+02
   2.4960000e+02
   2.4890000e+02
   2.4820000e+02
   2.4750000e+02
   2.4680000e+02
   2.4620000e+02
   2.4550000e+02
   2.4490000e+02
   2.4420000e+02
   2.4360000e+02
   2.4290000e+02
   2.4230000e+02
   2.4160000e+02
   2.4100000e+02
   2.4040000e+02
   2.3990000e+02
   2.3930000e+02
   2.3880000e+02
   2.3820000e+02
   2.3760000e+02
   2.3710000e+02
   2.3650000e+02
   2.3600000e+02
   2.3540000e+02
   2.3480000e+02
   2.3430000e+02
   2.3370000e+02
   2.3320000e+02
   2.3260000e+02
   2.3200000e+02
   2.3150000e+02
   2.3090000e+02
   2.3040000e+02
   2.2980000e+02
