   3.4939591e+06
   3.4584045e+06
   3.4232000e+06
   3.3883845e+06
   3.3538802e+06
   3.3197649e+06
   3.2855329e+06
   3.2516121e+06
   3.2180803e+06
   3.1848986e+06
   3.1520670e+06
   3.1192354e+06
   3.0867539e+06
   3.0546225e+06
   3.0228023e+06
   2.9913322e+06
   2.9599399e+06
   2.9288977e+06
   2.8981667e+06
   2.8677469e+06
   2.8376383e+06
   2.8073352e+06
   2.7773822e+06
   2.7477015e+06
   2.7183709e+06
   2.6893515e+06
   2.6603710e+06
   2.6317017e+06
   2.6033436e+06
   2.5752967e+06
   2.5475221e+06
   2.5196308e+06
   2.4920507e+06
   2.4647429e+06
   2.4377852e+06
   2.4110998e+06
   2.3840643e+06
   2.3573400e+06
   2.3309269e+06
   2.3047861e+06
   2.2789565e+06
   2.2534770e+06
   2.2283087e+06
   2.2033738e+06
   2.1787501e+06
   2.1543987e+06
   2.1297750e+06
   2.1054625e+06
   2.0814223e+06
   2.0576544e+06
   2.0341199e+06
   2.0105076e+06
   1.9871676e+06
   1.9640999e+06
   1.9412656e+06
   1.9187425e+06
   1.8962194e+06
   1.8739297e+06
   1.8519512e+06
   1.8302061e+06
   1.8087333e+06
   1.7872994e+06
   1.7661378e+06
   1.7452096e+06
   1.7245148e+06
   1.7040923e+06
   1.6835531e+06
   1.6632473e+06
   1.6431749e+06
   1.6233748e+06
   1.6038081e+06
   1.5840080e+06
   1.5644802e+06
   1.5451469e+06
   1.5260859e+06
   1.5072583e+06
   1.4887030e+06
   1.4703422e+06
   1.4522537e+06
   1.4343597e+06
   1.4166602e+06
   1.3990774e+06
   1.3817280e+06
   1.3645731e+06
   1.3476516e+06
   1.3309246e+06
   1.3143532e+06
   1.2979763e+06
   1.2817939e+06
   1.2658060e+06
   1.2500515e+06
   1.2341025e+06
   1.2183869e+06
   1.2028269e+06
   1.1875003e+06
   1.1723682e+06
   1.1574306e+06
   1.1426875e+06
   1.1281389e+06
   1.1137848e+06
   1.0995863e+06
   1.0854267e+06
   1.0714227e+06
   1.0576132e+06
   1.0439982e+06
   1.0305388e+06
   1.0169238e+06
   1.0035033e+06
   9.9023840e+05
   9.7712910e+05
   9.6421430e+05
   9.5126060e+05
   9.3846250e+05
   9.2585890e+05
   9.1341090e+05
   9.0111850e+05
   8.8905950e+05
   8.7711720e+05
   8.6536940e+05
   8.5377720e+05
   8.4234060e+05
   8.3070950e+05
   8.1923400e+05
   8.0791410e+05
   7.9674980e+05
   7.8570220e+05
   7.7484910e+05
   7.6415160e+05
   7.5357080e+05
   7.4314560e+05
   7.3287600e+05
   7.2245080e+05
   7.1214230e+05
   7.0202830e+05
   6.9203100e+05
   6.8218930e+05
   6.7242540e+05
   6.6277820e+05
   6.5328660e+05
   6.4395060e+05
   6.3473130e+05
   6.2539530e+05
   6.1621490e+05
   6.0715120e+05
   5.9820420e+05
   5.8941280e+05
   5.8077700e+05
   5.7221900e+05
   5.6381660e+05
   5.5553090e+05
   5.4736190e+05
   5.3907620e+05
   5.3094610e+05
   5.2293270e+05
   5.1503600e+05
   5.0725600e+05
   4.9943710e+05
   4.9173490e+05
   4.8418830e+05
   4.7671950e+05
   4.6936740e+05
   4.6201530e+05
   4.5474100e+05
   4.4758340e+05
   4.4054250e+05
   4.3361830e+05
   4.2673300e+05
   4.1992550e+05
   4.1319580e+05
   4.0662170e+05
   4.0012540e+05
   3.9359020e+05
   3.8711724e+05
   3.8076876e+05
   3.7452142e+05
   3.6837522e+05
   3.6216289e+05
   3.5605559e+05
   3.5004943e+05
   3.4414441e+05
   3.3834053e+05
   3.3262612e+05
   3.2701285e+05
   3.2149294e+05
   3.1606639e+05
   3.1072931e+05
   3.0529887e+05
   2.9996568e+05
   2.9472585e+05
   2.8957938e+05
   2.8451849e+05
   2.7945760e+05
   2.7448618e+05
   2.6960034e+05
   2.6480397e+05
   2.6008929e+05
   2.5540573e+05
   2.5080386e+05
   2.4628757e+05
   2.4185297e+05
   2.3749617e+05
   2.3314326e+05
   2.2887204e+05
   2.2467862e+05
   2.2055911e+05
   2.1651740e+05
   2.1238233e+05
   2.0832895e+05
   2.0434948e+05
   2.0044781e+05
   1.9662005e+05
   1.9277284e+05
   1.8899954e+05
   1.8530015e+05
   1.8167467e+05
   1.7812310e+05
   1.7455208e+05
   1.7105497e+05
   1.6762399e+05
   1.6426692e+05
   1.6097209e+05
   1.5769282e+05
   1.5447968e+05
   1.5133267e+05
   1.4824790e+05
   1.4522537e+05
   1.4222618e+05
   1.3928534e+05
   1.3640674e+05
   1.3358649e+05
   1.3082848e+05
   1.2812882e+05
   1.2548751e+05
   1.2290066e+05
   1.2036827e+05
   1.1788645e+05
   1.1542408e+05
   1.1301228e+05
   1.1065105e+05
   1.0833650e+05
   1.0607641e+05
   1.0389412e+05
   1.0175851e+05
   9.9669580e+04
   9.7619550e+04
   9.5612310e+04
   9.3601180e+04
   9.1628950e+04
   8.9699510e+04
   8.7808970e+04
   8.5961220e+04
   8.4136810e+04
   8.2351300e+04
   8.0604690e+04
   7.8896980e+04
   7.7224280e+04
   7.5555470e+04
   7.3925560e+04
   7.2330660e+04
   7.0770770e+04
   6.9242000e+04
   6.7767690e+04
   6.6324500e+04
   6.4912430e+04
   6.3531480e+04
   6.2177760e+04
   6.0816260e+04
   5.9481990e+04
   5.8174950e+04
   5.6899030e+04
   5.5654230e+04
   5.4397760e+04
   5.3168520e+04
   5.1970400e+04
   5.0795620e+04
   4.9651960e+04
   4.8492740e+04
   4.7364640e+04
   4.6259880e+04
   4.5182350e+04
   4.4128160e+04
   4.3027290e+04
   4.1953650e+04
   4.0907240e+04
   3.9888060e+04
   3.8892220e+04
   3.7841531e+04
   3.6819239e+04
   3.5824566e+04
   3.4856734e+04
   3.3914965e+04
   3.2954913e+04
   3.2022091e+04
   3.1116110e+04
   3.0235414e+04
   2.9379614e+04
   2.8517201e+04
   2.7680073e+04
   2.6867452e+04
   2.6078949e+04
   2.5313397e+04
   2.4517892e+04
   2.3747672e+04
   2.3001181e+04
   2.2278419e+04
   2.1578608e+04
   2.0900581e+04
   2.0243560e+04
   1.9607545e+04
   1.8991369e+04
   1.8394643e+04
   1.7790915e+04
   1.7206637e+04
   1.6641809e+04
   1.6095653e+04
   1.5567391e+04
   1.5056245e+04
   1.4561826e+04
   1.4083745e+04
   1.3621613e+04
   1.3174263e+04
   1.2726913e+04
   1.2294345e+04
   1.1876559e+04
   1.1473166e+04
   1.1083388e+04
   1.0706836e+04
   1.0342732e+04
   9.9914650e+03
   9.6518680e+03
   9.3239410e+03
   8.9971810e+03
   8.6817020e+03
   8.3771150e+03
   8.0834200e+03
   7.8002280e+03
   7.5267610e+03
   7.2626300e+03
   7.0078350e+03
   6.7623760e+03
   6.5250860e+03
   6.2909080e+03
   6.0648990e+03
   5.8470590e+03
   5.6369990e+03
   5.4343300e+03
   5.2394410e+03
   5.0511650e+03
   4.8695020e+03
   4.6948410e+03
   4.5260150e+03
