  -1.0065437e+06
  -1.0065435e+06
  -1.0065434e+06
  -1.0065433e+06
  -1.0065432e+06
  -1.0065430e+06
  -1.0065429e+06
  -1.0065428e+06
  -1.0065427e+06
  -1.0065425e+06
  -1.0065424e+06
  -1.0065423e+06
  -1.0065422e+06
  -1.0065420e+06
  -1.0065419e+06
  -1.0065418e+06
  -1.0065417e+06
  -1.0065415e+06
  -1.0065414e+06
  -1.0065413e+06
  -1.0065412e+06
  -1.0065410e+06
  -1.0065409e+06
  -1.0065408e+06
  -1.0065407e+06
  -1.0065405e+06
  -1.0065404e+06
  -1.0065403e+06
  -1.0065402e+06
  -1.0065400e+06
  -1.0065399e+06
  -1.0065398e+06
  -1.0065397e+06
  -1.0065395e+06
  -1.0065394e+06
  -1.0065393e+06
  -1.0065392e+06
  -1.0065390e+06
  -1.0065389e+06
  -1.0065388e+06
  -1.0065387e+06
  -1.0065385e+06
  -1.0065384e+06
  -1.0065383e+06
  -1.0065382e+06
  -1.0065380e+06
  -1.0065379e+06
  -1.0065378e+06
  -1.0065377e+06
  -1.0065375e+06
  -1.0065374e+06
