   3.0196311e+06
   3.0196307e+06
   3.0196303e+06
   3.0196300e+06
   3.0196296e+06
   3.0196292e+06
   3.0196288e+06
   3.0196285e+06
   3.0196281e+06
   3.0196277e+06
   3.0196273e+06
   3.0196270e+06
   3.0196266e+06
   3.0196262e+06
   3.0196258e+06
   3.0196255e+06
   3.0196251e+06
   3.0196247e+06
   3.0196243e+06
   3.0196240e+06
   3.0196236e+06
   3.0196232e+06
   3.0196228e+06
   3.0196225e+06
   3.0196221e+06
   3.0196217e+06
   3.0196213e+06
   3.0196210e+06
   3.0196206e+06
   3.0196202e+06
   3.0196198e+06
   3.0196194e+06
   3.0196191e+06
   3.0196187e+06
   3.0196183e+06
   3.0196179e+06
   3.0196176e+06
   3.0196172e+06
   3.0196168e+06
   3.0196164e+06
   3.0196161e+06
   3.0196157e+06
   3.0196153e+06
   3.0196149e+06
   3.0196146e+06
   3.0196142e+06
   3.0196138e+06
   3.0196134e+06
   3.0196131e+06
   3.0196127e+06
   3.0196123e+06
