   1.2383658e+02
   1.2383658e+02
   1.2383657e+02
   1.2383657e+02
   1.2383656e+02
   1.2383656e+02
   1.2383655e+02
   1.2383655e+02
   1.2383655e+02
   1.2383654e+02
   1.2383654e+02
   1.2383653e+02
   1.2383653e+02
   1.2383652e+02
   1.2383652e+02
   1.2383651e+02
   1.2383651e+02
   1.2383651e+02
   1.2383650e+02
   1.2383650e+02
   1.2383649e+02
   1.2383649e+02
   1.2383648e+02
   1.2383648e+02
   1.2383648e+02
   1.2383647e+02
   1.2383647e+02
   1.2383646e+02
   1.2383646e+02
   1.2383645e+02
   1.2383645e+02
   1.2383644e+02
   1.2383644e+02
   1.2383644e+02
   1.2383643e+02
   1.2383643e+02
   1.2383642e+02
   1.2383642e+02
   1.2383641e+02
   1.2383641e+02
   1.2383641e+02
   1.2383640e+02
   1.2383640e+02
   1.2383639e+02
   1.2383639e+02
   1.2383638e+02
   1.2383638e+02
   1.2383637e+02
   1.2383637e+02
   1.2383637e+02
   1.2383636e+02
