   2.4384000e+25
   2.4383998e+25
   2.4383996e+25
   2.4383993e+25
   2.4383991e+25
   2.4383989e+25
   2.4383987e+25
   2.4383985e+25
   2.4383982e+25
   2.4383980e+25
   2.4383978e+25
   2.4383976e+25
   2.4383974e+25
   2.4383971e+25
   2.4383969e+25
   2.4383967e+25
   2.4383965e+25
   2.4383962e+25
   2.4383960e+25
   2.4383958e+25
   2.4383956e+25
   2.4383954e+25
   2.4383951e+25
   2.4383949e+25
   2.4383947e+25
   2.4383945e+25
   2.4383943e+25
   2.4383940e+25
   2.4383938e+25
   2.4383936e+25
   2.4383934e+25
   2.4383932e+25
   2.4383929e+25
   2.4383927e+25
   2.4383925e+25
   2.4383923e+25
   2.4383921e+25
   2.4383918e+25
   2.4383916e+25
   2.4383914e+25
   2.4383912e+25
   2.4383910e+25
   2.4383907e+25
   2.4383905e+25
   2.4383903e+25
   2.4383901e+25
   2.4383898e+25
   2.4383896e+25
   2.4383894e+25
   2.4383892e+25
   2.4383890e+25
