   5.0327183e+05
   5.0327177e+05
   5.0327171e+05
   5.0327165e+05
   5.0327158e+05
   5.0327152e+05
   5.0327146e+05
   5.0327139e+05
   5.0327133e+05
   5.0327127e+05
   5.0327121e+05
   5.0327114e+05
   5.0327108e+05
   5.0327102e+05
   5.0327096e+05
   5.0327089e+05
   5.0327083e+05
   5.0327077e+05
   5.0327071e+05
   5.0327064e+05
   5.0327058e+05
   5.0327052e+05
   5.0327046e+05
   5.0327039e+05
   5.0327033e+05
   5.0327027e+05
   5.0327020e+05
   5.0327014e+05
   5.0327008e+05
   5.0327002e+05
   5.0326995e+05
   5.0326989e+05
   5.0326983e+05
   5.0326977e+05
   5.0326970e+05
   5.0326964e+05
   5.0326958e+05
   5.0326952e+05
   5.0326945e+05
   5.0326939e+05
   5.0326933e+05
   5.0326927e+05
   5.0326920e+05
   5.0326914e+05
   5.0326908e+05
   5.0326901e+05
   5.0326895e+05
   5.0326889e+05
   5.0326883e+05
   5.0326876e+05
   5.0326870e+05
