   0.0000000e+00
   1.0000000e-03
   2.0000000e-03
   3.0000000e-03
   4.0000000e-03
   5.0000000e-03
   6.0000000e-03
   7.0000000e-03
   8.0000000e-03
   9.0000000e-03
   1.0000000e-02
   1.1000000e-02
   1.2000000e-02
   1.3000000e-02
   1.4000000e-02
   1.5000000e-02
   1.6000000e-02
   1.7000000e-02
   1.8000000e-02
   1.9000000e-02
   2.0000000e-02
   2.1000000e-02
   2.2000000e-02
   2.3000000e-02
   2.4000000e-02
   2.5000000e-02
   2.6000000e-02
   2.7000000e-02
   2.8000000e-02
   2.9000000e-02
   3.0000000e-02
   3.1000000e-02
   3.2000000e-02
   3.3000000e-02
   3.4000000e-02
   3.5000000e-02
   3.6000000e-02
   3.7000000e-02
   3.8000000e-02
   3.9000000e-02
   4.0000000e-02
   4.1000000e-02
   4.2000000e-02
   4.3000000e-02
   4.4000000e-02
   4.5000000e-02
   4.6000000e-02
   4.7000000e-02
   4.8000000e-02
   4.9000000e-02
   5.0000000e-02
