   3.0030000e+02
   3.0029999e+02
   3.0029999e+02
   3.0029998e+02
   3.0029997e+02
   3.0029997e+02
   3.0029996e+02
   3.0029996e+02
   3.0029995e+02
   3.0029994e+02
   3.0029994e+02
   3.0029993e+02
   3.0029992e+02
   3.0029992e+02
   3.0029991e+02
   3.0029990e+02
   3.0029990e+02
   3.0029989e+02
   3.0029989e+02
   3.0029988e+02
   3.0029987e+02
   3.0029987e+02
   3.0029986e+02
   3.0029985e+02
   3.0029985e+02
   3.0029984e+02
   3.0029984e+02
   3.0029983e+02
   3.0029982e+02
   3.0029982e+02
   3.0029981e+02
   3.0029980e+02
   3.0029980e+02
   3.0029979e+02
   3.0029978e+02
   3.0029978e+02
   3.0029977e+02
   3.0029977e+02
   3.0029976e+02
   3.0029975e+02
   3.0029975e+02
   3.0029974e+02
   3.0029973e+02
   3.0029973e+02
   3.0029972e+02
   3.0029971e+02
   3.0029971e+02
   3.0029970e+02
   3.0029970e+02
   3.0029969e+02
   3.0029968e+02
