  -1.5098155e+05
  -1.4223645e+05
  -1.3457286e+05
  -1.2765926e+05
  -1.2116413e+05
  -1.1483637e+05
  -1.0874659e+05
  -1.0300839e+05
  -9.7585667e+04
  -9.2419528e+04
  -8.7509592e+04
  -8.2862556e+04
  -7.8454911e+04
  -7.4264450e+04
  -7.0304384e+04
  -6.6588501e+04
  -6.3097467e+04
  -5.9804220e+04
  -5.6683897e+04
  -5.3714652e+04
  -5.0884493e+04
  -4.8180362e+04
  -4.5575081e+04
  -4.3045914e+04
  -4.0602019e+04
  -3.8258723e+04
  -3.6024153e+04
  -3.3893873e+04
  -3.1820411e+04
  -2.9766082e+04
  -2.7775389e+04
  -2.5897326e+04
  -2.4116664e+04
  -2.2396485e+04
  -2.0677345e+04
  -1.8926843e+04
  -1.7243277e+04
  -1.5725115e+04
  -1.4340805e+04
  -1.3042380e+04
  -1.1846219e+04
