   1.2383658e+02
   1.2210655e+02
   1.2109499e+02
   1.2052634e+02
   1.2012505e+02
   1.1967614e+02
   1.1920700e+02
   1.1879017e+02
   1.1843639e+02
   1.1814177e+02
   1.1790568e+02
   1.1772123e+02
   1.1755306e+02
   1.1737338e+02
   1.1721304e+02
   1.1710491e+02
   1.1703138e+02
   1.1696730e+02
   1.1690776e+02
   1.1685303e+02
   1.1680400e+02
   1.1676173e+02
   1.1672749e+02
   1.1670314e+02
   1.1669259e+02
   1.1669717e+02
   1.1670577e+02
   1.1670763e+02
   1.1670577e+02
   1.1670527e+02
   1.1670577e+02
   1.1670590e+02
   1.1670577e+02
   1.1670573e+02
   1.1670577e+02
   1.1670578e+02
   1.1670577e+02
   1.1670577e+02
   1.1670577e+02
   1.1670577e+02
   1.1670577e+02
