   3.0030000e+02
   2.9712655e+02
   2.9400000e+02
   2.9099845e+02
   2.8820000e+02
   2.8562966e+02
   2.8310000e+02
   2.8043290e+02
   2.7770000e+02
   2.7501374e+02
   2.7240000e+02
   2.6983714e+02
   2.6720000e+02
   2.6437519e+02
   2.6140000e+02
   2.5831208e+02
   2.5500000e+02
   2.5137649e+02
   2.4760000e+02
   2.4383197e+02
   2.4000000e+02
   2.3602063e+02
   2.3200000e+02
   2.2806051e+02
   2.2420000e+02
   2.2038734e+02
   2.1660000e+02
   2.1285265e+02
   2.0930000e+02
   2.0606458e+02
   2.0300000e+02
   1.9996404e+02
   1.9710000e+02
   1.9470425e+02
   1.9340000e+02
   1.9359396e+02
   1.9450000e+02
   1.9533242e+02
   1.9650000e+02
   1.9847635e+02
   2.0080000e+02
