   2.4384000e+25
   2.3292488e+25
   2.2226000e+25
   2.1185762e+25
   2.0173000e+25
   1.9190214e+25
   1.8245000e+25
   1.7343256e+25
   1.6479000e+25
   1.5645388e+25
   1.4844000e+25
   1.4077943e+25
   1.3348000e+25
   1.2654214e+25
   1.1996000e+25
   1.1372574e+25
   1.0783000e+25
   1.0225763e+25
   9.6972000e+24
   9.1935485e+24
   8.7128000e+24
   8.2527679e+24
   7.8088000e+24
   7.3769800e+24
   6.9588000e+24
   6.5569496e+24
   6.1735000e+24
   5.8083215e+24
   5.4531000e+24
   5.1010768e+24
   4.7599000e+24
   4.4380463e+24
   4.1329000e+24
   3.8381131e+24
   3.5435000e+24
   3.2435140e+24
   2.9550000e+24
   2.6948309e+24
   2.4576000e+24
   2.2350873e+24
   2.0301000e+24
