   3.0196311e+05
   2.8447290e+05
   2.6914572e+05
   2.5531852e+05
   2.4232826e+05
   2.2967274e+05
   2.1749318e+05
   2.0601678e+05
   1.9517133e+05
   1.8483905e+05
   1.7501918e+05
   1.6572511e+05
   1.5690982e+05
   1.4852890e+05
   1.4060877e+05
   1.3317700e+05
   1.2619493e+05
   1.1960843e+05
   1.1336779e+05
   1.0742930e+05
   1.0176899e+05
   9.6360727e+04
   9.1150162e+04
   8.6091829e+04
   8.1204039e+04
   7.6517447e+04
   7.2048306e+04
   6.7787746e+04
   6.3640823e+04
   5.9532165e+04
   5.5550779e+04
   5.1794653e+04
   4.8233327e+04
   4.4792968e+04
   4.1354689e+04
   3.7853686e+04
   3.4486555e+04
   3.1450230e+04
   2.8681610e+04
   2.6084759e+04
   2.3692438e+04
