  -7.3554850e+02
  -7.3377980e+02
  -7.3204955e+02
  -7.3031930e+02
  -7.2855060e+02
  -7.2682035e+02
  -7.2509010e+02
  -7.2335985e+02
  -7.2162960e+02
  -7.1993780e+02
  -7.1820755e+02
  -7.1651575e+02
  -7.1478550e+02
  -7.1309370e+02
  -7.1140190e+02
  -7.0971010e+02
  -7.0801830e+02
  -7.0632650e+02
  -7.0463470e+02
  -7.0294290e+02
  -7.0128955e+02
  -6.9959775e+02
  -6.9794440e+02
  -6.9629105e+02
  -6.9463770e+02
  -6.9298435e+02
  -6.9133100e+02
  -6.8967765e+02
  -6.8802430e+02
  -6.8640940e+02
  -6.8475605e+02
  -6.8314115e+02
  -6.8148780e+02
  -6.7987290e+02
  -6.7825800e+02
  -6.7664310e+02
  -6.7502820e+02
  -6.7341330e+02
  -6.7183685e+02
  -6.7022195e+02
  -6.6860705e+02
  -6.6703060e+02
  -6.6545415e+02
  -6.6387770e+02
  -6.6226280e+02
  -6.6068635e+02
  -6.5910990e+02
  -6.5757190e+02
  -6.5599545e+02
  -6.5441900e+02
  -6.5288100e+02
  -6.5130455e+02
  -6.4976655e+02
  -6.4822855e+02
  -6.4669055e+02
  -6.4515255e+02
  -6.4361455e+02
  -6.4207655e+02
  -6.4053855e+02
  -6.3900055e+02
  -6.3750100e+02
  -6.3596300e+02
  -6.3446345e+02
  -6.3296390e+02
  -6.3142590e+02
  -6.2992635e+02
  -6.2842680e+02
  -6.2692725e+02
  -6.2546615e+02
  -6.2396660e+02
  -6.2246705e+02
  -6.2100595e+02
  -6.1950640e+02
  -6.1804530e+02
  -6.1658420e+02
  -6.1508465e+02
  -6.1362355e+02
  -6.1216245e+02
  -6.1073980e+02
  -6.0927870e+02
  -6.0781760e+02
  -6.0635650e+02
  -6.0493385e+02
  -6.0347275e+02
  -6.0205010e+02
  -6.0062745e+02
  -5.9920480e+02
  -5.9774370e+02
  -5.9632105e+02
  -5.9493685e+02
  -5.9351420e+02
  -5.9209155e+02
  -5.9066890e+02
  -5.8928470e+02
  -5.8786205e+02
  -5.8647785e+02
  -5.8509365e+02
  -5.8367100e+02
  -5.8228680e+02
  -5.8090260e+02
  -5.7951840e+02
