   1.9130000e+23
   1.9039000e+23
   1.8948000e+23
   1.8858000e+23
   1.8768000e+23
   1.8679000e+23
   1.8590000e+23
   1.8502000e+23
   1.8414000e+23
   1.8326000e+23
   1.8239000e+23
   1.8152000e+23
   1.8066000e+23
   1.7980000e+23
   1.7894000e+23
   1.7809000e+23
   1.7724000e+23
   1.7640000e+23
   1.7556000e+23
   1.7473000e+23
   1.7389000e+23
   1.7307000e+23
   1.7224000e+23
   1.7142000e+23
   1.7061000e+23
   1.6980000e+23
   1.6899000e+23
   1.6819000e+23
   1.6739000e+23
   1.6659000e+23
   1.6580000e+23
   1.6501000e+23
   1.6422000e+23
   1.6344000e+23
   1.6267000e+23
   1.6189000e+23
   1.6112000e+23
   1.6036000e+23
   1.5959000e+23
   1.5884000e+23
   1.5808000e+23
   1.5733000e+23
   1.5658000e+23
   1.5584000e+23
   1.5509000e+23
   1.5436000e+23
   1.5362000e+23
   1.5289000e+23
   1.5217000e+23
   1.5144000e+23
   1.5072000e+23
   1.5001000e+23
   1.4929000e+23
   1.4858000e+23
   1.4788000e+23
   1.4717000e+23
   1.4647000e+23
   1.4578000e+23
   1.4509000e+23
   1.4440000e+23
   1.4371000e+23
   1.4303000e+23
   1.4235000e+23
   1.4167000e+23
   1.4100000e+23
   1.4033000e+23
   1.3966000e+23
   1.3900000e+23
   1.3834000e+23
   1.3768000e+23
   1.3702000e+23
   1.3637000e+23
   1.3572000e+23
   1.3508000e+23
   1.3444000e+23
   1.3380000e+23
   1.3316000e+23
   1.3253000e+23
   1.3190000e+23
   1.3127000e+23
   1.3065000e+23
   1.3003000e+23
   1.2941000e+23
   1.2880000e+23
   1.2819000e+23
   1.2758000e+23
   1.2697000e+23
   1.2637000e+23
   1.2577000e+23
   1.2517000e+23
   1.2457000e+23
   1.2398000e+23
   1.2339000e+23
   1.2281000e+23
   1.2222000e+23
   1.2164000e+23
   1.2107000e+23
   1.2049000e+23
   1.1992000e+23
   1.1935000e+23
   1.1878000e+23
