   1.4710970e+03
   1.4675596e+03
   1.4640991e+03
   1.4606386e+03
   1.4571012e+03
   1.4536407e+03
   1.4501802e+03
   1.4467197e+03
   1.4432592e+03
   1.4398756e+03
   1.4364151e+03
   1.4330315e+03
   1.4295710e+03
   1.4261874e+03
   1.4228038e+03
   1.4194202e+03
   1.4160366e+03
   1.4126530e+03
   1.4092694e+03
   1.4058858e+03
   1.4025791e+03
   1.3991955e+03
   1.3958888e+03
   1.3925821e+03
   1.3892754e+03
   1.3859687e+03
   1.3826620e+03
   1.3793553e+03
   1.3760486e+03
   1.3728188e+03
   1.3695121e+03
   1.3662823e+03
   1.3629756e+03
   1.3597458e+03
   1.3565160e+03
   1.3532862e+03
   1.3500564e+03
   1.3468266e+03
   1.3436737e+03
   1.3404439e+03
   1.3372141e+03
   1.3340612e+03
   1.3309083e+03
   1.3277554e+03
   1.3245256e+03
   1.3213727e+03
   1.3182198e+03
   1.3151438e+03
   1.3119909e+03
   1.3088380e+03
   1.3057620e+03
   1.3026091e+03
   1.2995331e+03
   1.2964571e+03
   1.2933811e+03
   1.2903051e+03
   1.2872291e+03
   1.2841531e+03
   1.2810771e+03
   1.2780011e+03
   1.2750020e+03
   1.2719260e+03
   1.2689269e+03
   1.2659278e+03
   1.2628518e+03
   1.2598527e+03
   1.2568536e+03
   1.2538545e+03
   1.2509323e+03
   1.2479332e+03
   1.2449341e+03
   1.2420119e+03
   1.2390128e+03
   1.2360906e+03
   1.2331684e+03
   1.2301693e+03
   1.2272471e+03
   1.2243249e+03
   1.2214796e+03
   1.2185574e+03
   1.2156352e+03
   1.2127130e+03
   1.2098677e+03
   1.2069455e+03
   1.2041002e+03
   1.2012549e+03
   1.1984096e+03
   1.1954874e+03
   1.1926421e+03
   1.1898737e+03
   1.1870284e+03
   1.1841831e+03
   1.1813378e+03
   1.1785694e+03
   1.1757241e+03
   1.1729557e+03
   1.1701873e+03
   1.1673420e+03
   1.1645736e+03
   1.1618052e+03
   1.1590368e+03
