3.84000000000000e+23
3.54000000000000e+23
3.25000000000000e+23
3.03000000000000e+23
2.83000000000000e+23
2.65000000000000e+23
2.47000000000000e+23
2.29000000000000e+23
2.12000000000000e+23
1.94000000000000e+23
1.74000000000000e+23
1.51000000000000e+23
1.33000000000000e+23
1.13000000000000e+23
9.49000000000000e+22
7.55000000000000e+22
5.88000000000000e+22
4.69000000000000e+22
3.90000000000000e+22
3.17000000000000e+22
2.52000000000000e+22
1.99000000000000e+22
1.40000000000000e+22
8.20000000000000e+21
5.01000000000000e+21
3.11000000000000e+21
1.72000000000000e+21
8.82000000000000e+20
4.29000000000000e+20
1.79000000000000e+20
1.06000000000000e+20
6.97000000000000e+19
6.97000000000000e+19