   6.9879182e+06
   6.9168090e+06
   6.8464000e+06
   6.7767690e+06
   6.7077604e+06
   6.6395298e+06
   6.5710658e+06
   6.5032242e+06
   6.4361606e+06
   6.3697972e+06
   6.3041340e+06
   6.2384708e+06
   6.1735078e+06
   6.1092450e+06
   6.0456046e+06
   5.9826644e+06
   5.9198798e+06
   5.8577954e+06
   5.7963334e+06
   5.7354938e+06
   5.6752766e+06
   5.6146704e+06
   5.5547644e+06
   5.4954030e+06
   5.4367418e+06
   5.3787030e+06
   5.3207420e+06
   5.2634034e+06
   5.2066872e+06
   5.1505934e+06
   5.0950442e+06
   5.0392616e+06
   4.9841014e+06
   4.9294858e+06
   4.8755704e+06
   4.8221996e+06
   4.7681286e+06
   4.7146800e+06
   4.6618538e+06
   4.6095722e+06
   4.5579130e+06
   4.5069540e+06
   4.4566174e+06
   4.4067476e+06
   4.3575002e+06
   4.3087974e+06
   4.2595500e+06
   4.2109250e+06
   4.1628446e+06
   4.1153088e+06
   4.0682398e+06
   4.0210152e+06
   3.9743352e+06
   3.9281998e+06
   3.8825312e+06
   3.8374850e+06
   3.7924388e+06
   3.7478594e+06
   3.7039024e+06
   3.6604122e+06
   3.6174666e+06
   3.5745988e+06
   3.5322756e+06
   3.4904192e+06
   3.4490296e+06
   3.4081846e+06
   3.3671062e+06
   3.3264946e+06
   3.2863498e+06
   3.2467496e+06
   3.2076162e+06
   3.1680160e+06
   3.1289604e+06
   3.0902938e+06
   3.0521718e+06
   3.0145166e+06
   2.9774060e+06
   2.9406844e+06
   2.9045074e+06
   2.8687194e+06
   2.8333204e+06
   2.7981548e+06
   2.7634560e+06
   2.7291462e+06
   2.6953032e+06
   2.6618492e+06
   2.6287064e+06
   2.5959526e+06
   2.5635878e+06
   2.5316120e+06
   2.5001030e+06
   2.4682050e+06
   2.4367738e+06
   2.4056538e+06
   2.3750006e+06
   2.3447364e+06
   2.3148612e+06
   2.2853750e+06
   2.2562778e+06
   2.2275696e+06
   2.1991726e+06
   2.1708534e+06
   2.1428454e+06
   2.1152264e+06
   2.0879964e+06
   2.0610776e+06
   2.0338476e+06
   2.0070066e+06
   1.9804768e+06
   1.9542582e+06
   1.9284286e+06
   1.9025212e+06
   1.8769250e+06
   1.8517178e+06
   1.8268218e+06
   1.8022370e+06
   1.7781190e+06
   1.7542344e+06
   1.7307388e+06
   1.7075544e+06
   1.6846812e+06
   1.6614190e+06
   1.6384680e+06
   1.6158282e+06
   1.5934996e+06
   1.5714044e+06
   1.5496982e+06
   1.5283032e+06
   1.5071416e+06
   1.4862912e+06
   1.4657520e+06
   1.4449016e+06
   1.4242846e+06
   1.4040566e+06
   1.3840620e+06
   1.3643786e+06
   1.3448508e+06
   1.3255564e+06
   1.3065732e+06
   1.2879012e+06
   1.2694626e+06
   1.2507906e+06
   1.2324298e+06
   1.2143024e+06
   1.1964084e+06
   1.1788256e+06
   1.1615540e+06
   1.1444380e+06
   1.1276332e+06
   1.1110618e+06
   1.0947238e+06
   1.0781524e+06
   1.0618922e+06
   1.0458654e+06
   1.0300720e+06
   1.0145120e+06
   9.9887420e+05
   9.8346980e+05
   9.6837660e+05
   9.5343900e+05
   9.3873480e+05
   9.2403060e+05
   9.0948200e+05
   8.9516680e+05
   8.8108500e+05
   8.6723660e+05
   8.5346600e+05
   8.3985100e+05
   8.2639160e+05
   8.1324340e+05
   8.0025080e+05
   7.8718040e+05
   7.7423448e+05
   7.6153752e+05
   7.4904284e+05
   7.3675044e+05
   7.2432578e+05
   7.1211118e+05
   7.0009886e+05
   6.8828882e+05
   6.7668106e+05
   6.6525224e+05
   6.5402570e+05
   6.4298588e+05
   6.3213278e+05
   6.2145862e+05
   6.1059774e+05
   5.9993136e+05
   5.8945170e+05
   5.7915876e+05
   5.6903698e+05
   5.5891520e+05
   5.4897236e+05
   5.3920068e+05
   5.2960794e+05
   5.2017858e+05
   5.1081146e+05
   5.0160772e+05
   4.9257514e+05
   4.8370594e+05
   4.7499234e+05
   4.6628652e+05
   4.5774408e+05
   4.4935724e+05
   4.4111822e+05
   4.3303480e+05
   4.2476466e+05
   4.1665790e+05
   4.0869896e+05
   4.0089562e+05
   3.9324010e+05
   3.8554568e+05
   3.7799908e+05
   3.7060030e+05
   3.6334934e+05
   3.5624620e+05
   3.4910416e+05
   3.4210994e+05
   3.3524798e+05
   3.2853384e+05
   3.2194418e+05
   3.1538564e+05
   3.0895936e+05
   3.0266534e+05
   2.9649580e+05
   2.9045074e+05
   2.8445236e+05
   2.7857068e+05
   2.7281348e+05
   2.6717298e+05
   2.6165696e+05
   2.5625764e+05
   2.5097502e+05
   2.4580132e+05
   2.4073654e+05
   2.3577290e+05
   2.3084816e+05
   2.2602456e+05
   2.2130210e+05
   2.1667300e+05
   2.1215282e+05
   2.0778824e+05
   2.0351702e+05
   1.9933916e+05
   1.9523910e+05
   1.9122462e+05
   1.8720236e+05
   1.8325790e+05
   1.7939902e+05
   1.7561794e+05
   1.7192244e+05
   1.6827362e+05
   1.6470260e+05
   1.6120938e+05
   1.5779396e+05
   1.5444856e+05
   1.5111094e+05
   1.4785112e+05
   1.4466132e+05
   1.4154154e+05
   1.3848400e+05
   1.3553538e+05
   1.3264900e+05
   1.2982486e+05
   1.2706296e+05
   1.2435552e+05
   1.2163252e+05
   1.1896398e+05
   1.1634990e+05
   1.1379806e+05
   1.1130846e+05
   1.0879552e+05
   1.0633704e+05
   1.0394080e+05
   1.0159124e+05
   9.9303920e+04
   9.6985480e+04
   9.4729280e+04
   9.2519760e+04
   9.0364700e+04
   8.8256320e+04
   8.6054580e+04
   8.3907300e+04
   8.1814480e+04
   7.9776120e+04
   7.7784440e+04
   7.5683062e+04
   7.3638478e+04
   7.1649132e+04
   6.9713468e+04
   6.7829930e+04
   6.5909826e+04
   6.4044182e+04
   6.2232220e+04
   6.0470828e+04
   5.8759228e+04
   5.7034402e+04
   5.5360146e+04
   5.3734904e+04
   5.2157898e+04
   5.0626794e+04
   4.9035784e+04
   4.7495344e+04
   4.6002362e+04
   4.4556838e+04
   4.3157216e+04
   4.1801162e+04
   4.0487120e+04
   3.9215090e+04
   3.7982738e+04
   3.6789286e+04
   3.5581830e+04
   3.4413274e+04
   3.3283618e+04
   3.2191306e+04
   3.1134782e+04
   3.0112490e+04
   2.9123652e+04
   2.8167490e+04
   2.7243226e+04
   2.6348526e+04
   2.5453826e+04
   2.4588690e+04
   2.3753118e+04
   2.2946332e+04
   2.2166776e+04
   2.1413672e+04
   2.0685464e+04
   1.9982930e+04
   1.9303736e+04
   1.8647882e+04
   1.7994362e+04
   1.7363404e+04
   1.6754230e+04
   1.6166840e+04
   1.5600456e+04
   1.5053522e+04
   1.4525260e+04
   1.4015670e+04
   1.3524752e+04
   1.3050172e+04
   1.2581816e+04
   1.2129798e+04
   1.1694118e+04
   1.1273998e+04
   1.0868660e+04
   1.0478882e+04
   1.0102330e+04
   9.7390040e+03
   9.3896820e+03
   9.0520300e+03
