   7.2336850e+05
   7.1507462e+05
   7.0667932e+05
   6.9818074e+05
   6.8957695e+05
   6.8086598e+05
   6.7204583e+05
   6.6311443e+05
   6.5406966e+05
   6.4490934e+05
   6.3563125e+05
   6.2623311e+05
   6.1671256e+05
   6.1019044e+05
   6.0385547e+05
   5.9745999e+05
   5.9100311e+05
   5.8448397e+05
   5.7790164e+05
   5.7125521e+05
   5.6454373e+05
   5.5776625e+05
   5.5092179e+05
   5.4400935e+05
   5.3778817e+05
   5.3181913e+05
   5.2578887e+05
   5.1969644e+05
   5.1354088e+05
   5.0732120e+05
   5.0103639e+05
   4.9468542e+05
   4.8826725e+05
   4.8178080e+05
   4.7551177e+05
   4.7004036e+05
   4.6451047e+05
   4.5892116e+05
   4.5327148e+05
   4.4756042e+05
   4.4178700e+05
   4.3595018e+05
   4.3004891e+05
   4.2408212e+05
   4.1875765e+05
   4.1376215e+05
   4.0871209e+05
   4.0360657e+05
   3.9844468e+05
   3.9322548e+05
   3.8794800e+05
   3.8261126e+05
   3.7720335e+05
   3.7169821e+05
   3.6611772e+05
   3.6046031e+05
   3.5472438e+05
   3.4890829e+05
   3.4301034e+05
   3.3702880e+05
   3.3142546e+05
   3.2647035e+05
   3.2144578e+05
   3.1635028e+05
   3.1118232e+05
   3.0594036e+05
   3.0062280e+05
   2.9522798e+05
   2.9101937e+05
   2.8678456e+05
   2.8249092e+05
   2.7813721e+05
   2.7372215e+05
   2.6924444e+05
   2.6478822e+05
   2.6084421e+05
   2.5684770e+05
   2.5279765e+05
   2.4869297e+05
   2.4453254e+05
   2.4031294e+05
   2.3598111e+05
   2.3157647e+05
   2.2709718e+05
   2.2254131e+05
   2.1790690e+05
   2.1370873e+05
   2.1044881e+05
   2.0714306e+05
   2.0379052e+05
   2.0039018e+05
   1.9694102e+05
   1.9374026e+05
   1.9066314e+05
   1.8754020e+05
   1.8437040e+05
   1.8115269e+05
   1.7788597e+05
   1.7452896e+05
   1.7103917e+05
   1.6748013e+05
   1.6384974e+05
   1.6014584e+05
   1.5636618e+05
   1.5250840e+05
   1.4907860e+05
   1.4605684e+05
   1.4297337e+05
   1.3982626e+05
   1.3661354e+05
   1.3333313e+05
   1.2998287e+05
   1.2686678e+05
   1.2401152e+05
   1.2108898e+05
   1.1809674e+05
   1.1503229e+05
   1.1189299e+05
   1.0867605e+05
   1.0578987e+05
   1.0360184e+05
   1.0136677e+05
   9.9083143e+04
   9.6749349e+04
   9.4363718e+04
   9.1924506e+04
   8.9774189e+04
   8.7807554e+04
   8.5799457e+04
   8.3748572e+04
   8.1653518e+04
   7.9512851e+04
   7.7329117e+04
   7.5109171e+04
   7.2837383e+04
   7.0511917e+04
   6.8130848e+04
   6.5692157e+04
   6.3345784e+04
   6.1002286e+04
   5.8600920e+04
   5.6139515e+04
   5.3615791e+04
   5.1291435e+04
   4.9330636e+04
   4.7338621e+04
   4.5314637e+04
   4.3257908e+04
   4.1594883e+04
   4.0434724e+04
   3.9263851e+04
   3.8082115e+04
   3.6889364e+04
   3.5629110e+04
   3.4139782e+04
   3.2603810e+04
   3.1018966e+04
   2.9382881e+04
   2.7748359e+04
   2.6648571e+04
   2.5529684e+04
   2.4391195e+04
   2.3232584e+04
   2.2048911e+04
   2.0761917e+04
   1.9457133e+04
   1.8134187e+04
   1.6792697e+04
   1.5432272e+04
   1.4247280e+04
   1.3445230e+04
   1.2672235e+04
   1.1926743e+04
   1.1207314e+04
   1.0512603e+04
   9.8413586e+03
   9.3340480e+03
   8.8704629e+03
   8.4099287e+03
   7.9524155e+03
   7.4978936e+03
   7.0463339e+03
   6.5977074e+03
   6.2141620e+03
   5.9380815e+03
   5.6631368e+03
   5.3893209e+03
   5.1166269e+03
   4.8450480e+03
   4.5745772e+03
   4.3052079e+03
   4.0369333e+03
   3.7697467e+03
   3.5408005e+03
   3.4026664e+03
   3.2655580e+03
   3.1294640e+03
   2.9943731e+03
   2.8602743e+03
   2.7271567e+03
   2.5950095e+03
   2.4638223e+03
   2.3335845e+03
   2.2042859e+03
   2.0759164e+03
   1.9484660e+03
   1.8613591e+03
   1.7883577e+03
   1.7157951e+03
   1.6436674e+03
   1.5719706e+03
   1.5007009e+03
   1.4298544e+03
   1.3594275e+03
   1.2894165e+03
   1.2198175e+03
   1.1506271e+03
   1.0818416e+03
   1.0134575e+03
   9.4547132e+02
   8.9196272e+02
   8.5392115e+02
   8.1626578e+02
   7.7899074e+02
   7.4209031e+02
   7.0555886e+02
   6.6939090e+02
   6.3358102e+02
   5.9812394e+02
   5.6301445e+02
   5.2824748e+02
   4.9381804e+02
   4.5972124e+02
   4.2595228e+02
   3.9250645e+02
   3.5937914e+02
   3.3180450e+02
   3.2230724e+02
   3.1283298e+02
   3.0338164e+02
   2.9395314e+02
   2.8454738e+02
   2.7516430e+02
   2.6580380e+02
   2.5646581e+02
   2.4715024e+02
   2.3785702e+02
   2.2858606e+02
   2.1933728e+02
   2.1011061e+02
   2.0090597e+02
   1.9172327e+02
   1.8256244e+02
   1.7342340e+02
   1.6430607e+02
   1.5968444e+02
   1.5569645e+02
   1.5171635e+02
   1.4774410e+02
   1.4377968e+02
   1.3982307e+02
   1.3587425e+02
   1.3193319e+02
   1.2799987e+02
   1.2407427e+02
   1.2015636e+02
   1.1624613e+02
   1.1234354e+02
   1.0844858e+02
   1.0456122e+02
   1.0068145e+02
   9.6809238e+01
   9.2944563e+01
   8.9087405e+01
   8.5237740e+01
   8.3143927e+01
   8.2588089e+01
   8.2033326e+01
   8.1479634e+01
   8.0927010e+01
   8.0375452e+01
   7.9824956e+01
   7.9275519e+01
   7.8727138e+01
   7.8179810e+01
   7.7633533e+01
   7.7088302e+01
   7.6544115e+01
   7.6000969e+01
   7.5458861e+01
   7.4917789e+01
   7.4377748e+01
   7.3838736e+01
   7.3300751e+01
   7.2763789e+01
   7.2227847e+01
   7.1692923e+01
   7.1159013e+01
   7.0626115e+01
   7.0094225e+01
   6.9563342e+01
   6.9033461e+01
   6.8504581e+01
   6.7976698e+01
   6.7449810e+01
   6.6923914e+01
   6.6399006e+01
   6.5875085e+01
   6.5352147e+01
   6.4830190e+01
   6.4309211e+01
   6.3789207e+01
   6.3270175e+01
   6.2752113e+01
   6.2235018e+01
   6.1718887e+01
   6.1203717e+01
   6.0689507e+01
   6.0176253e+01
   5.9663952e+01
   5.9152603e+01
   5.8642201e+01
   5.8132745e+01
   5.7624232e+01
   5.7116660e+01
   5.6610025e+01
