   1.4467370e+06
   1.4301492e+06
   1.4133586e+06
   1.3963615e+06
   1.3791539e+06
   1.3617320e+06
   1.3440917e+06
   1.3262289e+06
   1.3081393e+06
   1.2898187e+06
   1.2712625e+06
   1.2524662e+06
   1.2334251e+06
   1.2203809e+06
   1.2077109e+06
   1.1949200e+06
   1.1820062e+06
   1.1689679e+06
   1.1558033e+06
   1.1425104e+06
   1.1290875e+06
   1.1155325e+06
   1.1018436e+06
   1.0880187e+06
   1.0755763e+06
   1.0636383e+06
   1.0515777e+06
   1.0393929e+06
   1.0270818e+06
   1.0146424e+06
   1.0020728e+06
   9.8937084e+05
   9.7653450e+05
   9.6356160e+05
   9.5102355e+05
   9.4008072e+05
   9.2902094e+05
   9.1784233e+05
   9.0654295e+05
   8.9512084e+05
   8.8357400e+05
   8.7190035e+05
   8.6009781e+05
   8.4816423e+05
   8.3751530e+05
   8.2752429e+05
   8.1742418e+05
   8.0721314e+05
   7.9688936e+05
   7.8645095e+05
   7.7589599e+05
   7.6522252e+05
   7.5440670e+05
   7.4339643e+05
   7.3223544e+05
   7.2092062e+05
   7.0944876e+05
   6.9781658e+05
   6.8602068e+05
   6.7405759e+05
   6.6285091e+05
   6.5294070e+05
   6.4289156e+05
   6.3270055e+05
   6.2236464e+05
   6.1188073e+05
   6.0124560e+05
   5.9045597e+05
   5.8203873e+05
   5.7356913e+05
   5.6498185e+05
   5.5627442e+05
   5.4744430e+05
   5.3848888e+05
   5.2957644e+05
   5.2168841e+05
   5.1369540e+05
   5.0559530e+05
   4.9738593e+05
   4.8906508e+05
   4.8062589e+05
   4.7196222e+05
   4.6315294e+05
   4.5419435e+05
   4.4508262e+05
   4.3581379e+05
   4.2741746e+05
   4.2089761e+05
   4.1428612e+05
   4.0758104e+05
   4.0078036e+05
   3.9388203e+05
   3.8748052e+05
   3.8132628e+05
   3.7508040e+05
   3.6874081e+05
   3.6230539e+05
   3.5577195e+05
   3.4905792e+05
   3.4207835e+05
   3.3496026e+05
   3.2769948e+05
   3.2029169e+05
   3.1273236e+05
   3.0501680e+05
   2.9815721e+05
   2.9211369e+05
   2.8594673e+05
   2.7965252e+05
   2.7322708e+05
   2.6666626e+05
   2.5996574e+05
   2.5373357e+05
   2.4802304e+05
   2.4217795e+05
   2.3619348e+05
   2.3006459e+05
   2.2378598e+05
   2.1735209e+05
   2.1157975e+05
   2.0720368e+05
   2.0273355e+05
   1.9816629e+05
   1.9349870e+05
   1.8872744e+05
   1.8384901e+05
   1.7954838e+05
   1.7561511e+05
   1.7159891e+05
   1.6749714e+05
   1.6330704e+05
   1.5902570e+05
   1.5465823e+05
   1.5021834e+05
   1.4567477e+05
   1.4102383e+05
   1.3626170e+05
   1.3138431e+05
   1.2669157e+05
   1.2200457e+05
   1.1720184e+05
   1.1227903e+05
   1.0723158e+05
   1.0258287e+05
   9.8661273e+04
   9.4677242e+04
   9.0629273e+04
   8.6515816e+04
   8.3189765e+04
   8.0869448e+04
   7.8527703e+04
   7.6164231e+04
   7.3778728e+04
   7.1258219e+04
   6.8279565e+04
   6.5207620e+04
   6.2037932e+04
   5.8765761e+04
   5.5496718e+04
   5.3297143e+04
   5.1059368e+04
   4.8782390e+04
   4.6465169e+04
   4.4097822e+04
   4.1523834e+04
   3.8914266e+04
   3.6268374e+04
   3.3585395e+04
   3.0864544e+04
   2.8494559e+04
   2.6890459e+04
   2.5344469e+04
   2.3853487e+04
   2.2414628e+04
   2.1025207e+04
   1.9682717e+04
   1.8668096e+04
   1.7740926e+04
   1.6819857e+04
   1.5904831e+04
   1.4995787e+04
   1.4092668e+04
   1.3195415e+04
   1.2428324e+04
   1.1876163e+04
   1.1326274e+04
   1.0778642e+04
   1.0233254e+04
   9.6900960e+03
   9.1491545e+03
   8.6104158e+03
   8.0738666e+03
   7.5394935e+03
   7.0816011e+03
   6.8053328e+03
   6.5311161e+03
   6.2589280e+03
   5.9887462e+03
   5.7205486e+03
   5.4543134e+03
   5.1900191e+03
   4.9276446e+03
   4.6671690e+03
   4.4085719e+03
   4.1518329e+03
   3.8969321e+03
   3.7227183e+03
   3.5767155e+03
   3.4315903e+03
   3.2873348e+03
   3.1439411e+03
   3.0014017e+03
   2.8597089e+03
   2.7188551e+03
   2.5788329e+03
   2.4396351e+03
   2.3012542e+03
   2.1636833e+03
   2.0269151e+03
   1.8909426e+03
   1.7839254e+03
   1.7078423e+03
   1.6325316e+03
   1.5579815e+03
   1.4841806e+03
   1.4111177e+03
   1.3387818e+03
   1.2671620e+03
   1.1962479e+03
   1.1260289e+03
   1.0564950e+03
   9.8763609e+02
   9.1944248e+02
   8.5190456e+02
   7.8501290e+02
   7.1875828e+02
   6.6360899e+02
   6.4461448e+02
   6.2566597e+02
   6.0676329e+02
   5.8790627e+02
   5.6909477e+02
   5.5032859e+02
   5.3160760e+02
   5.1293162e+02
   4.9430048e+02
   4.7571404e+02
   4.5717212e+02
   4.3867457e+02
   4.2022123e+02
   4.0181194e+02
   3.8344654e+02
   3.6512488e+02
   3.4684680e+02
   3.2861214e+02
   3.1936887e+02
   3.1139291e+02
   3.0343270e+02
   2.9548820e+02
   2.8755937e+02
   2.7964615e+02
   2.7174850e+02
   2.6386638e+02
   2.5599974e+02
   2.4814854e+02
   2.4031272e+02
   2.3249225e+02
   2.2468708e+02
   2.1689716e+02
   2.0912245e+02
   2.0136290e+02
   1.9361848e+02
   1.8588913e+02
   1.7817481e+02
   1.7047548e+02
   1.6628785e+02
   1.6517618e+02
   1.6406665e+02
   1.6295927e+02
   1.6185402e+02
   1.6075090e+02
   1.5964991e+02
   1.5855104e+02
   1.5745428e+02
   1.5635962e+02
   1.5526707e+02
   1.5417660e+02
   1.5308823e+02
   1.5200194e+02
   1.5091772e+02
   1.4983558e+02
   1.4875550e+02
   1.4767747e+02
   1.4660150e+02
   1.4552758e+02
   1.4445569e+02
   1.4338585e+02
   1.4231803e+02
   1.4125223e+02
   1.4018845e+02
   1.3912668e+02
   1.3806692e+02
   1.3700916e+02
   1.3595340e+02
   1.3489962e+02
   1.3384783e+02
   1.3279801e+02
   1.3175017e+02
   1.3070429e+02
   1.2966038e+02
   1.2861842e+02
   1.2757841e+02
   1.2654035e+02
   1.2550423e+02
   1.2447004e+02
   1.2343777e+02
   1.2240743e+02
   1.2137901e+02
   1.2035251e+02
   1.1932790e+02
   1.1830521e+02
   1.1728440e+02
   1.1626549e+02
   1.1524846e+02
   1.1423332e+02
   1.1322005e+02
