  -4.8224566e+06
  -4.7671641e+06
  -4.7111955e+06
  -4.6545382e+06
  -4.5971796e+06
  -4.5391066e+06
  -4.4803056e+06
  -4.4207629e+06
  -4.3604644e+06
  -4.2993956e+06
  -4.2375417e+06
  -4.1748874e+06
  -4.1114171e+06
  -4.0679363e+06
  -4.0257032e+06
  -3.9830666e+06
  -3.9400208e+06
  -3.8965598e+06
  -3.8526776e+06
  -3.8083681e+06
  -3.7636249e+06
  -3.7184417e+06
  -3.6728119e+06
  -3.6267290e+06
  -3.5852545e+06
  -3.5454609e+06
  -3.5052591e+06
  -3.4646429e+06
  -3.4236059e+06
  -3.3821413e+06
  -3.3402426e+06
  -3.2979028e+06
  -3.2551150e+06
  -3.2118720e+06
  -3.1700785e+06
  -3.1336024e+06
  -3.0967365e+06
  -3.0594744e+06
  -3.0218098e+06
  -2.9837361e+06
  -2.9452467e+06
  -2.9063345e+06
  -2.8669927e+06
  -2.8272141e+06
  -2.7917177e+06
  -2.7584143e+06
  -2.7247473e+06
  -2.6907105e+06
  -2.6562979e+06
  -2.6215032e+06
  -2.5863200e+06
  -2.5507417e+06
  -2.5146890e+06
  -2.4779881e+06
  -2.4407848e+06
  -2.4030687e+06
  -2.3648292e+06
  -2.3260553e+06
  -2.2867356e+06
  -2.2468586e+06
  -2.2095030e+06
  -2.1764690e+06
  -2.1429719e+06
  -2.1090018e+06
  -2.0745488e+06
  -2.0396024e+06
  -2.0041520e+06
  -1.9681866e+06
  -1.9401291e+06
  -1.9118971e+06
  -1.8832728e+06
  -1.8542481e+06
  -1.8248143e+06
  -1.7949629e+06
  -1.7652548e+06
  -1.7389614e+06
  -1.7123180e+06
  -1.6853177e+06
  -1.6579531e+06
  -1.6302169e+06
  -1.6020863e+06
  -1.5732074e+06
  -1.5438431e+06
  -1.5139812e+06
  -1.4836087e+06
  -1.4527126e+06
  -1.4247249e+06
  -1.4029920e+06
  -1.3809537e+06
  -1.3586035e+06
  -1.3359345e+06
  -1.3129401e+06
  -1.2916017e+06
  -1.2710876e+06
  -1.2502680e+06
  -1.2291360e+06
  -1.2076846e+06
  -1.1859065e+06
  -1.1635264e+06
  -1.1402612e+06
  -1.1165342e+06
  -1.0923316e+06
  -1.0676390e+06
  -1.0424412e+06
  -1.0167227e+06
  -9.9385737e+05
  -9.7371229e+05
  -9.5315577e+05
  -9.3217508e+05
  -9.1075694e+05
  -8.8888754e+05
  -8.6655247e+05
  -8.4577855e+05
  -8.2674347e+05
  -8.0725984e+05
  -7.8731161e+05
  -7.6688196e+05
  -7.4595325e+05
  -7.2450698e+05
  -7.0526583e+05
  -6.9067893e+05
  -6.7577849e+05
  -6.6055429e+05
  -6.4499566e+05
  -6.2909146e+05
  -6.1283004e+05
  -5.9849460e+05
  -5.8538370e+05
  -5.7199638e+05
  -5.5832382e+05
  -5.4435678e+05
  -5.3008567e+05
  -5.1552745e+05
  -5.0072781e+05
  -4.8558255e+05
  -4.7007945e+05
  -4.5420565e+05
  -4.3794771e+05
  -4.2230523e+05
  -4.0668191e+05
  -3.9067280e+05
  -3.7426343e+05
  -3.5743860e+05
  -3.4194290e+05
  -3.2887091e+05
  -3.1559081e+05
  -3.0209758e+05
  -2.8838605e+05
  -2.7729922e+05
  -2.6956483e+05
  -2.6175901e+05
  -2.5388077e+05
  -2.4592909e+05
  -2.3752740e+05
  -2.2759855e+05
  -2.1735873e+05
  -2.0679311e+05
  -1.9588587e+05
  -1.8498906e+05
  -1.7765714e+05
  -1.7019789e+05
  -1.6260797e+05
  -1.5488390e+05
  -1.4699274e+05
  -1.3841278e+05
  -1.2971422e+05
  -1.2089458e+05
  -1.1195132e+05
  -1.0288181e+05
  -9.4981863e+04
  -8.9634865e+04
  -8.4481564e+04
  -7.9511623e+04
  -7.4715427e+04
  -7.0084022e+04
  -6.5609057e+04
  -6.2226987e+04
  -5.9136419e+04
  -5.6066191e+04
  -5.3016103e+04
  -4.9985958e+04
  -4.6975559e+04
  -4.3984716e+04
  -4.1427747e+04
  -3.9587210e+04
  -3.7754245e+04
  -3.5928806e+04
  -3.4110846e+04
  -3.2300320e+04
  -3.0497182e+04
  -2.8701386e+04
  -2.6912889e+04
  -2.5131645e+04
  -2.3605337e+04
  -2.2684443e+04
  -2.1770387e+04
  -2.0863093e+04
  -1.9962487e+04
  -1.9068495e+04
  -1.8181045e+04
  -1.7300064e+04
  -1.6425482e+04
  -1.5557230e+04
  -1.4695240e+04
  -1.3839443e+04
  -1.2989774e+04
  -1.2409061e+04
  -1.1922385e+04
  -1.1438634e+04
  -1.0957783e+04
  -1.0479804e+04
  -1.0004672e+04
  -9.5323629e+03
  -9.0628503e+03
  -8.5961098e+03
  -8.1321169e+03
  -7.6708475e+03
  -7.2122776e+03
  -6.7563836e+03
  -6.3031421e+03
  -5.9464182e+03
  -5.6928077e+03
  -5.4417718e+03
  -5.1932716e+03
  -4.9472687e+03
  -4.7037258e+03
  -4.4626060e+03
  -4.2238735e+03
  -3.9874929e+03
  -3.7534297e+03
  -3.5216499e+03
  -3.2921203e+03
  -3.0648083e+03
  -2.8396819e+03
  -2.6167097e+03
  -2.3958609e+03
  -2.2120300e+03
  -2.1487149e+03
  -2.0855532e+03
  -2.0225443e+03
  -1.9596876e+03
  -1.8969826e+03
  -1.8344286e+03
  -1.7720253e+03
  -1.7097721e+03
  -1.6476683e+03
  -1.5857135e+03
  -1.5239071e+03
  -1.4622486e+03
  -1.4007374e+03
  -1.3393731e+03
  -1.2781551e+03
  -1.2170829e+03
  -1.1561560e+03
  -1.0953738e+03
  -1.0645629e+03
  -1.0379764e+03
  -1.0114423e+03
  -9.8496067e+02
  -9.5853122e+02
  -9.3215383e+02
  -9.0582835e+02
  -8.7955462e+02
  -8.5333248e+02
  -8.2716180e+02
  -8.0104241e+02
  -7.7497417e+02
  -7.4895692e+02
  -7.2299052e+02
  -6.9707482e+02
  -6.7120967e+02
  -6.4539492e+02
  -6.1963042e+02
  -5.9391603e+02
  -5.6825160e+02
  -5.5429285e+02
  -5.5058726e+02
  -5.4688884e+02
  -5.4319756e+02
  -5.3951340e+02
  -5.3583635e+02
  -5.3216637e+02
  -5.2850346e+02
  -5.2484759e+02
  -5.2119874e+02
  -5.1755688e+02
  -5.1392201e+02
  -5.1029410e+02
  -5.0667313e+02
  -5.0305908e+02
  -4.9945192e+02
  -4.9585165e+02
  -4.9225824e+02
  -4.8867167e+02
  -4.8509192e+02
  -4.8151898e+02
  -4.7795282e+02
  -4.7439342e+02
  -4.7084076e+02
  -4.6729483e+02
  -4.6375561e+02
  -4.6022308e+02
  -4.5669721e+02
  -4.5317799e+02
  -4.4966540e+02
  -4.4615942e+02
  -4.4266004e+02
  -4.3916723e+02
  -4.3568098e+02
  -4.3220127e+02
  -4.2872807e+02
  -4.2526138e+02
  -4.2180117e+02
  -4.1834742e+02
  -4.1490012e+02
  -4.1145924e+02
  -4.0802478e+02
  -4.0459671e+02
  -4.0117502e+02
  -3.9775968e+02
  -3.9435068e+02
  -3.9094801e+02
  -3.8755163e+02
  -3.8416155e+02
  -3.8077773e+02
  -3.7740017e+02
