   2.1701055e+07
   2.1452239e+07
   2.1200380e+07
   2.0945422e+07
   2.0687308e+07
   2.0425979e+07
   2.0161375e+07
   1.9893433e+07
   1.9622090e+07
   1.9347280e+07
   1.9068938e+07
   1.8786993e+07
   1.8501377e+07
   1.8305713e+07
   1.8115664e+07
   1.7923800e+07
   1.7730093e+07
   1.7534519e+07
   1.7337049e+07
   1.7137656e+07
   1.6936312e+07
   1.6732988e+07
   1.6527654e+07
   1.6320280e+07
   1.6133645e+07
   1.5954574e+07
   1.5773666e+07
   1.5590893e+07
   1.5406226e+07
   1.5219636e+07
   1.5031092e+07
   1.4840563e+07
   1.4648017e+07
   1.4453424e+07
   1.4265353e+07
   1.4101211e+07
   1.3935314e+07
   1.3767635e+07
   1.3598144e+07
   1.3426813e+07
   1.3253610e+07
   1.3078505e+07
   1.2901467e+07
   1.2722464e+07
   1.2562729e+07
   1.2412864e+07
   1.2261363e+07
   1.2108197e+07
   1.1953340e+07
   1.1796764e+07
   1.1638440e+07
   1.1478338e+07
   1.1316100e+07
   1.1150946e+07
   1.0983532e+07
   1.0813809e+07
   1.0641731e+07
   1.0467249e+07
   1.0290310e+07
   1.0110864e+07
   9.9427637e+06
   9.7941105e+06
   9.6433734e+06
   9.4905083e+06
   9.3354696e+06
   9.1782109e+06
   9.0186840e+06
   8.8568395e+06
   8.7305810e+06
   8.6035369e+06
   8.4747277e+06
   8.3441162e+06
   8.2116645e+06
   8.0773332e+06
   7.9436466e+06
   7.8253262e+06
   7.7054310e+06
   7.5839295e+06
   7.4607890e+06
   7.3359761e+06
   7.2093883e+06
   7.0794333e+06
   6.9472942e+06
   6.8129153e+06
   6.6762394e+06
   6.5372069e+06
   6.4112620e+06
   6.3134642e+06
   6.2142918e+06
   6.1137155e+06
   6.0117054e+06
   5.9082305e+06
   5.8122077e+06
   5.7198942e+06
   5.6262060e+06
   5.5311121e+06
   5.4345808e+06
   5.3365792e+06
   5.2358688e+06
   5.1311752e+06
   5.0244039e+06
   4.9154922e+06
   4.8043753e+06
   4.6909854e+06
   4.5752520e+06
   4.4723581e+06
   4.3817053e+06
   4.2892010e+06
   4.1947878e+06
   4.0984062e+06
   3.9999940e+06
   3.8994861e+06
   3.8060035e+06
   3.7203456e+06
   3.6326693e+06
   3.5429022e+06
   3.4509688e+06
   3.3567896e+06
   3.2602814e+06
   3.1736962e+06
   3.1080552e+06
   3.0410032e+06
   2.9724943e+06
   2.9024805e+06
   2.8309116e+06
   2.7577352e+06
   2.6932257e+06
   2.6342266e+06
   2.5739837e+06
   2.5124572e+06
   2.4496055e+06
   2.3853855e+06
   2.3198735e+06
   2.2532751e+06
   2.1851215e+06
   2.1153575e+06
   2.0439254e+06
   1.9707647e+06
   1.9003735e+06
   1.8300686e+06
   1.7580276e+06
   1.6841854e+06
   1.6084737e+06
   1.5387430e+06
   1.4799191e+06
   1.4201586e+06
   1.3594391e+06
   1.2977372e+06
   1.2478465e+06
   1.2130417e+06
   1.1779155e+06
   1.1424635e+06
   1.1066809e+06
   1.0688733e+06
   1.0241935e+06
   9.7811430e+05
   9.3056898e+05
   8.8148642e+05
   8.3245077e+05
   7.9945714e+05
   7.6589052e+05
   7.3173585e+05
   6.9697753e+05
   6.6146733e+05
   6.2285751e+05
   5.8371399e+05
   5.4402561e+05
   5.0378092e+05
   4.6296815e+05
   4.2741839e+05
   4.0335689e+05
   3.8016704e+05
   3.5780230e+05
   3.3621942e+05
   3.1537810e+05
   2.9524076e+05
   2.8002144e+05
   2.6611389e+05
   2.5229786e+05
   2.3857246e+05
   2.2493681e+05
   2.1139002e+05
   1.9793122e+05
   1.8642486e+05
   1.7814244e+05
   1.6989410e+05
   1.6167963e+05
   1.5349881e+05
   1.4535144e+05
   1.3723732e+05
   1.2915624e+05
   1.2110800e+05
   1.1309240e+05
   1.0622402e+05
   1.0207999e+05
   9.7966741e+04
   9.3883920e+04
   8.9831193e+04
   8.5808229e+04
   8.1814701e+04
   7.7850286e+04
   7.3914669e+04
   7.0007535e+04
   6.6128578e+04
   6.2277493e+04
   5.8453981e+04
   5.5840774e+04
   5.3650732e+04
   5.1473854e+04
   4.9310021e+04
   4.7159117e+04
   4.5021026e+04
   4.2895633e+04
   4.0782826e+04
   3.8682494e+04
   3.6594526e+04
   3.4518814e+04
   3.2455249e+04
   3.0403726e+04
   2.8364140e+04
   2.6758882e+04
   2.5617635e+04
   2.4487973e+04
   2.3369722e+04
   2.2262709e+04
   2.1166766e+04
   2.0081727e+04
   1.9007431e+04
   1.7943718e+04
   1.6890434e+04
   1.5847424e+04
   1.4814541e+04
   1.3791637e+04
   1.2778568e+04
   1.1775194e+04
   1.0781374e+04
   9.9541349e+03
   9.6692172e+03
   9.3849895e+03
   9.1014493e+03
   8.8185941e+03
   8.5364215e+03
   8.2549289e+03
   7.9741140e+03
   7.6939742e+03
   7.4145072e+03
   7.1357106e+03
   6.8575818e+03
   6.5801185e+03
   6.3033184e+03
   6.0271791e+03
   5.7516981e+03
   5.4768732e+03
   5.2027020e+03
   4.9291821e+03
   4.7905331e+03
   4.6708936e+03
   4.5514905e+03
   4.4323230e+03
   4.3133905e+03
   4.1946922e+03
   4.0762276e+03
   3.9579958e+03
   3.8399962e+03
   3.7222281e+03
   3.6046909e+03
   3.4873838e+03
   3.3703062e+03
   3.2534574e+03
   3.1368367e+03
   3.0204435e+03
   2.9042771e+03
   2.7883369e+03
   2.6726221e+03
   2.5571322e+03
   2.4943178e+03
   2.4776427e+03
   2.4609998e+03
   2.4443890e+03
   2.4278103e+03
   2.4112636e+03
   2.3947487e+03
   2.3782656e+03
   2.3618141e+03
   2.3453943e+03
   2.3290060e+03
   2.3126491e+03
   2.2963234e+03
   2.2800291e+03
   2.2637658e+03
   2.2475337e+03
   2.2313324e+03
   2.2151621e+03
   2.1990225e+03
   2.1829137e+03
   2.1668354e+03
   2.1507877e+03
   2.1347704e+03
   2.1187834e+03
   2.1028268e+03
   2.0869003e+03
   2.0710038e+03
   2.0551374e+03
   2.0393010e+03
   2.0234943e+03
   2.0077174e+03
   1.9919702e+03
   1.9762526e+03
   1.9605644e+03
   1.9449057e+03
   1.9292763e+03
   1.9136762e+03
   1.8981052e+03
   1.8825634e+03
   1.8670505e+03
   1.8515666e+03
   1.8361115e+03
   1.8206852e+03
   1.8052876e+03
   1.7899186e+03
   1.7745781e+03
   1.7592660e+03
   1.7439824e+03
   1.7287270e+03
   1.7134998e+03
   1.6983007e+03
