   3.8072026e+26
   3.7635506e+26
   3.7193648e+26
   3.6746355e+26
   3.6293523e+26
   3.5835052e+26
   3.5370833e+26
   3.4900760e+26
   3.4424719e+26
   3.3942597e+26
   3.3454276e+26
   3.2959637e+26
   3.2458556e+26
   3.2115286e+26
   3.1781867e+26
   3.1445263e+26
   3.1105427e+26
   3.0762314e+26
   3.0415876e+26
   3.0066064e+26
   2.9712828e+26
   2.9356119e+26
   2.8995884e+26
   2.8632071e+26
   2.8304641e+26
   2.7990481e+26
   2.7673098e+26
   2.7352444e+26
   2.7028467e+26
   2.6701116e+26
   2.6370336e+26
   2.6036075e+26
   2.5698276e+26
   2.5356884e+26
   2.5026935e+26
   2.4738966e+26
   2.4447920e+26
   2.4153745e+26
   2.3856393e+26
   2.3555812e+26
   2.3251947e+26
   2.2944746e+26
   2.2634153e+26
   2.2320111e+26
   2.2039876e+26
   2.1776955e+26
   2.1511163e+26
   2.1242451e+26
   2.0970773e+26
   2.0696078e+26
   2.0418316e+26
   2.0137435e+26
   1.9852808e+26
   1.9563064e+26
   1.9269354e+26
   1.8971595e+26
   1.8669704e+26
   1.8363594e+26
   1.8053176e+26
   1.7738358e+26
   1.7443445e+26
   1.7182650e+26
   1.6918199e+26
   1.6650014e+26
   1.6378017e+26
   1.6102124e+26
   1.5822253e+26
   1.5538315e+26
   1.5316809e+26
   1.5093924e+26
   1.4867943e+26
   1.4638800e+26
   1.4406429e+26
   1.4170760e+26
   1.3936222e+26
   1.3728642e+26
   1.3518300e+26
   1.3305139e+26
   1.3089103e+26
   1.2870134e+26
   1.2648050e+26
   1.2420058e+26
   1.2188235e+26
   1.1952483e+26
   1.1712701e+26
   1.1468784e+26
   1.1247828e+26
   1.1076253e+26
   1.0902266e+26
   1.0725817e+26
   1.0546852e+26
   1.0365317e+26
   1.0196856e+26
   1.0034902e+26
   9.8705368e+25
   9.7037055e+25
   9.5343523e+25
   9.3624197e+25
   9.1857347e+25
   9.0020618e+25
   8.8147437e+25
   8.6236706e+25
   8.4287286e+25
   8.2297989e+25
   8.0267579e+25
   7.8462424e+25
   7.6872023e+25
   7.5249140e+25
   7.3592769e+25
   7.1901864e+25
   7.0175332e+25
   6.8412037e+25
   6.6771991e+25
   6.5269222e+25
   6.3731040e+25
   6.2156180e+25
   6.0543313e+25
   5.8891046e+25
   5.7197919e+25
   5.5678881e+25
   5.4527284e+25
   5.3350934e+25
   5.2149023e+25
   5.0920710e+25
   4.9665115e+25
   4.8381319e+25
   4.7249573e+25
   4.6214502e+25
   4.5157609e+25
   4.4078196e+25
   4.2975536e+25
   4.1848869e+25
   4.0699535e+25
   3.9531143e+25
   3.8335465e+25
   3.7111535e+25
   3.5858341e+25
   3.4574819e+25
   3.3339886e+25
   3.2106466e+25
   3.0842589e+25
   2.9547113e+25
   2.8218837e+25
   2.6995492e+25
   2.5963493e+25
   2.4915064e+25
   2.3849809e+25
   2.2767320e+25
   2.1892043e+25
   2.1281434e+25
   2.0665185e+25
   2.0043219e+25
   1.9415455e+25
   1.8752163e+25
   1.7968307e+25
   1.7159900e+25
   1.6325772e+25
   1.5464674e+25
   1.4604399e+25
   1.4025564e+25
   1.3436676e+25
   1.2837471e+25
   1.2227676e+25
   1.1604690e+25
   1.0927325e+25
   1.0240596e+25
   9.5443089e+24
   8.8382618e+24
   8.1222483e+24
   7.4985682e+24
   7.0764367e+24
   6.6695971e+24
   6.2772334e+24
   5.8985864e+24
   5.5329491e+24
   5.1796624e+24
   4.9126568e+24
   4.6686647e+24
   4.4262783e+24
   4.1854818e+24
   3.9462598e+24
   3.7085968e+24
   3.4724776e+24
   3.2706116e+24
   3.1253060e+24
   2.9805983e+24
   2.8364847e+24
   2.6929615e+24
   2.5500253e+24
   2.4076722e+24
   2.2658989e+24
   2.1247017e+24
   1.9840772e+24
   1.8635792e+24
   1.7908771e+24
   1.7187148e+24
   1.6470863e+24
   1.5759858e+24
   1.5054075e+24
   1.4353456e+24
   1.3657945e+24
   1.2967486e+24
   1.2282024e+24
   1.1601505e+24
   1.0925876e+24
   1.0255084e+24
   9.7966270e+23
   9.4124092e+23
   9.0305007e+23
   8.6508810e+23
   8.2735293e+23
   7.8984256e+23
   7.5255497e+23
   7.1548818e+23
   6.7864025e+23
   6.4200923e+23
   6.0559322e+23
   5.6939034e+23
   5.3339870e+23
   4.9761648e+23
   4.6945407e+23
   4.4943219e+23
   4.2961357e+23
   4.0999513e+23
   3.9057385e+23
   3.7134677e+23
   3.5231100e+23
   3.3346370e+23
   3.1480207e+23
   2.9632339e+23
   2.7802499e+23
   2.5990423e+23
   2.4195855e+23
   2.2418541e+23
   2.0658234e+23
   1.8914692e+23
   1.7463395e+23
   1.6963539e+23
   1.6464894e+23
   1.5967455e+23
   1.5471218e+23
   1.4976178e+23
   1.4482331e+23
   1.3989674e+23
   1.3498200e+23
   1.3007907e+23
   1.2518790e+23
   1.2030845e+23
   1.1544068e+23
   1.1058453e+23
   1.0573998e+23
   1.0090698e+23
   9.6085495e+22
   9.1275473e+22
   8.6476880e+22
   8.4044440e+22
   8.1945502e+22
   7.9850710e+22
   7.7760053e+22
   7.5673517e+22
   7.3591092e+22
   7.1512764e+22
   6.9438522e+22
   6.7368354e+22
   6.5302247e+22
   6.3240190e+22
   6.1182171e+22
   5.9128178e+22
   5.7078199e+22
   5.5032223e+22
   5.2990237e+22
   5.0952230e+22
   4.8918191e+22
   4.6888108e+22
   4.4861969e+22
   4.3759962e+22
   4.3467415e+22
   4.3175435e+22
   4.2884018e+22
   4.2593163e+22
   4.2302869e+22
   4.2013135e+22
   4.1723957e+22
   4.1435336e+22
   4.1147269e+22
   4.0859754e+22
   4.0572790e+22
   4.0286376e+22
   4.0000510e+22
   3.9715190e+22
   3.9430415e+22
   3.9146183e+22
   3.8862493e+22
   3.8579343e+22
   3.8296731e+22
   3.8014656e+22
   3.7733117e+22
   3.7452112e+22
   3.7171639e+22
   3.6891697e+22
   3.6612285e+22
   3.6333401e+22
   3.6055043e+22
   3.5777210e+22
   3.5499900e+22
   3.5223112e+22
   3.4946845e+22
   3.4671097e+22
   3.4395867e+22
   3.4121153e+22
   3.3846953e+22
   3.3573267e+22
   3.3300092e+22
   3.3027428e+22
   3.2755272e+22
   3.2483625e+22
   3.2212483e+22
   3.1941846e+22
   3.1671712e+22
   3.1402080e+22
   3.1132949e+22
   3.0864316e+22
   3.0596182e+22
   3.0328543e+22
   3.0061400e+22
   2.9794750e+22
