   4.3396007e+02
   4.3133892e+02
   4.2871776e+02
   4.2609661e+02
   4.2347545e+02
   4.2085430e+02
   4.1823314e+02
   4.1561199e+02
   4.1299083e+02
   4.1036968e+02
   4.0774852e+02
   4.0512737e+02
   4.0250622e+02
   4.0055746e+02
   3.9866238e+02
   3.9676729e+02
   3.9487220e+02
   3.9297712e+02
   3.9108203e+02
   3.8918694e+02
   3.8729186e+02
   3.8539677e+02
   3.8350169e+02
   3.8160660e+02
   3.7968868e+02
   3.7776133e+02
   3.7583398e+02
   3.7390663e+02
   3.7197929e+02
   3.7005194e+02
   3.6812459e+02
   3.6619724e+02
   3.6426989e+02
   3.6234255e+02
   3.6042063e+02
   3.5851499e+02
   3.5660935e+02
   3.5470372e+02
   3.5279808e+02
   3.5089244e+02
   3.4898680e+02
   3.4708116e+02
   3.4517553e+02
   3.4326989e+02
   3.4140408e+02
   3.3955990e+02
   3.3771573e+02
   3.3587155e+02
   3.3402737e+02
   3.3218320e+02
   3.3033902e+02
   3.2849484e+02
   3.2654902e+02
   3.2434417e+02
   3.2213931e+02
   3.1993446e+02
   3.1772961e+02
   3.1552476e+02
   3.1331991e+02
   3.1111505e+02
   3.0893731e+02
   3.0680179e+02
   3.0466628e+02
   3.0253076e+02
   3.0039524e+02
   2.9825972e+02
   2.9612420e+02
   2.9398869e+02
   2.9198472e+02
   2.8998406e+02
   2.8798340e+02
   2.8598274e+02
   2.8398207e+02
   2.8198141e+02
   2.8000186e+02
   2.7816301e+02
   2.7632415e+02
   2.7448530e+02
   2.7264645e+02
   2.7080759e+02
   2.6895108e+02
   2.6672830e+02
   2.6450552e+02
   2.6228273e+02
   2.6005995e+02
   2.5783717e+02
   2.5576823e+02
   2.5399558e+02
   2.5222293e+02
   2.5045028e+02
   2.4867763e+02
   2.4690498e+02
   2.4511600e+02
   2.4331772e+02
   2.4151945e+02
   2.3972118e+02
   2.3792290e+02
   2.3612463e+02
   2.3415212e+02
   2.3187376e+02
   2.2959541e+02
   2.2731706e+02
   2.2503871e+02
   2.2276036e+02
   2.2048200e+02
   2.1825243e+02
   2.1606827e+02
   2.1388410e+02
   2.1169994e+02
   2.0951577e+02
   2.0733161e+02
   2.0514744e+02
   2.0289024e+02
   2.0055475e+02
   1.9821927e+02
   1.9588379e+02
   1.9354830e+02
   1.9121282e+02
   1.8887733e+02
   1.8667276e+02
   1.8470873e+02
   1.8274470e+02
   1.8078067e+02
   1.7881664e+02
   1.7685262e+02
   1.7488859e+02
   1.7303161e+02
   1.7124527e+02
   1.6945893e+02
   1.6767259e+02
   1.6588625e+02
   1.6409991e+02
   1.6229834e+02
   1.6044656e+02
   1.5859478e+02
   1.5674300e+02
   1.5489122e+02
   1.5303944e+02
   1.5120911e+02
   1.4938718e+02
   1.4756526e+02
   1.4574333e+02
   1.4392140e+02
   1.4237829e+02
   1.4126267e+02
   1.4014705e+02
   1.3903144e+02
   1.3791582e+02
   1.3702066e+02
   1.3639375e+02
   1.3576685e+02
   1.3513994e+02
   1.3451303e+02
   1.3357469e+02
   1.3154646e+02
   1.2951823e+02
   1.2748999e+02
   1.2546176e+02
   1.2351968e+02
   1.2246541e+02
   1.2141115e+02
   1.2035688e+02
   1.1930261e+02
   1.1826068e+02
   1.1745446e+02
   1.1664824e+02
   1.1584203e+02
   1.1503581e+02
   1.1422959e+02
   1.1444510e+02
   1.1659593e+02
   1.1874677e+02
   1.2089760e+02
   1.2304843e+02
   1.2519927e+02
   1.2735010e+02
   1.2814456e+02
   1.2856904e+02
   1.2899351e+02
   1.2941798e+02
   1.2984245e+02
   1.3026692e+02
   1.3069140e+02
   1.3105894e+02
   1.3132965e+02
   1.3160037e+02
   1.3187108e+02
   1.3214179e+02
   1.3241250e+02
   1.3268321e+02
   1.3295392e+02
   1.3322463e+02
   1.3349534e+02
   1.3383336e+02
   1.3433398e+02
   1.3483459e+02
   1.3533521e+02
   1.3583583e+02
   1.3633644e+02
   1.3683706e+02
   1.3733768e+02
   1.3783829e+02
   1.3833891e+02
   1.3883953e+02
   1.3934014e+02
   1.3984076e+02
   1.4028452e+02
   1.4070868e+02
   1.4113283e+02
   1.4155698e+02
   1.4198114e+02
   1.4240529e+02
   1.4282944e+02
   1.4325359e+02
   1.4367775e+02
   1.4410190e+02
   1.4452605e+02
   1.4495021e+02
   1.4537436e+02
   1.4579851e+02
   1.4638035e+02
   1.4713098e+02
   1.4788162e+02
   1.4863225e+02
   1.4938289e+02
   1.5013352e+02
   1.5088416e+02
   1.5163479e+02
   1.5238542e+02
   1.5313606e+02
   1.5388669e+02
   1.5463733e+02
   1.5538796e+02
   1.5613859e+02
   1.5688923e+02
   1.5763986e+02
   1.5826428e+02
   1.5845639e+02
   1.5864850e+02
   1.5884061e+02
   1.5903271e+02
   1.5922482e+02
   1.5941693e+02
   1.5960904e+02
   1.5980115e+02
   1.5999326e+02
   1.6018537e+02
   1.6037748e+02
   1.6056959e+02
   1.6076170e+02
   1.6095380e+02
   1.6114591e+02
   1.6133802e+02
   1.6153013e+02
   1.6172224e+02
   1.6188637e+02
   1.6204660e+02
   1.6220682e+02
   1.6236705e+02
   1.6252727e+02
   1.6268750e+02
   1.6284772e+02
   1.6300795e+02
   1.6316818e+02
   1.6332840e+02
   1.6348863e+02
   1.6364885e+02
   1.6380908e+02
   1.6396930e+02
   1.6412953e+02
   1.6428975e+02
   1.6444998e+02
   1.6461020e+02
   1.6477043e+02
   1.6493065e+02
   1.6509070e+02
   1.6525059e+02
   1.6541048e+02
   1.6557038e+02
   1.6573027e+02
   1.6589016e+02
   1.6605005e+02
   1.6620994e+02
   1.6636983e+02
   1.6652972e+02
   1.6668961e+02
   1.6684951e+02
   1.6700940e+02
   1.6716929e+02
   1.6732918e+02
   1.6748907e+02
   1.6764896e+02
   1.6780885e+02
   1.6796875e+02
   1.6812864e+02
   1.6828853e+02
   1.6844842e+02
   1.6860831e+02
   1.6876820e+02
   1.6892809e+02
   1.6908799e+02
   1.6924788e+02
   1.6940777e+02
   1.6956766e+02
   1.6972755e+02
   1.6988744e+02
   1.7004733e+02
   1.7020723e+02
   1.7036712e+02
   1.7052701e+02
   1.7068690e+02
   1.7084679e+02
   1.7100668e+02
   1.7116657e+02
   1.7132647e+02
   1.7148636e+02
   1.7164625e+02
   1.7180614e+02
   1.7196603e+02
   1.7212592e+02
   1.7228581e+02
   1.7244571e+02
   1.7260560e+02
   1.7276549e+02
   1.7292538e+02
   1.7308527e+02
