   2.4112283e+06
   2.3835821e+06
   2.3555977e+06
   2.3272691e+06
   2.2985898e+06
   2.2695533e+06
   2.2401528e+06
   2.2103814e+06
   2.1802322e+06
   2.1496978e+06
   2.1187708e+06
   2.0874437e+06
   2.0557085e+06
   2.0339681e+06
   2.0128516e+06
   1.9915333e+06
   1.9700104e+06
   1.9482799e+06
   1.9263388e+06
   1.9041840e+06
   1.8818124e+06
   1.8592208e+06
   1.8364060e+06
   1.8133645e+06
   1.7926272e+06
   1.7727304e+06
   1.7526296e+06
   1.7323215e+06
   1.7118029e+06
   1.6910707e+06
   1.6701213e+06
   1.6489514e+06
   1.6275575e+06
   1.6059360e+06
   1.5850392e+06
   1.5668012e+06
   1.5483682e+06
   1.5297372e+06
   1.5109049e+06
   1.4918681e+06
   1.4726233e+06
   1.4531673e+06
   1.4334964e+06
   1.4136071e+06
   1.3958588e+06
   1.3792072e+06
   1.3623736e+06
   1.3453552e+06
   1.3281489e+06
   1.3107516e+06
   1.2931600e+06
   1.2753709e+06
   1.2573445e+06
   1.2389940e+06
   1.2203924e+06
   1.2015344e+06
   1.1824146e+06
   1.1630276e+06
   1.1433678e+06
   1.1234293e+06
   1.1047515e+06
   1.0882345e+06
   1.0714859e+06
   1.0545009e+06
   1.0372744e+06
   1.0198012e+06
   1.0020760e+06
   9.8409328e+05
   9.7006455e+05
   9.5594855e+05
   9.4163641e+05
   9.2712403e+05
   9.1240716e+05
   8.9748146e+05
   8.8262740e+05
   8.6948069e+05
   8.5615900e+05
   8.4265883e+05
   8.2897655e+05
   8.1510846e+05
   8.0104314e+05
   7.8660370e+05
   7.7192157e+05
   7.5699059e+05
   7.4180437e+05
   7.2635632e+05
   7.1236244e+05
   7.0149602e+05
   6.9047687e+05
   6.7930173e+05
   6.6796727e+05
   6.5647006e+05
   6.4580086e+05
   6.3554380e+05
   6.2513400e+05
   6.1456802e+05
   6.0384232e+05
   5.9295325e+05
   5.8176320e+05
   5.7013058e+05
   5.5826710e+05
   5.4616580e+05
   5.3381948e+05
   5.2122060e+05
   5.0836133e+05
   4.9692868e+05
   4.8685614e+05
   4.7657788e+05
   4.6608754e+05
   4.5537847e+05
   4.4444377e+05
   4.3327623e+05
   4.2288928e+05
   4.1337174e+05
   4.0362992e+05
   3.9365580e+05
   3.8344098e+05
   3.7297663e+05
   3.6225349e+05
   3.5263291e+05
   3.4533947e+05
   3.3788925e+05
   3.3027714e+05
   3.2249783e+05
   3.1454573e+05
   3.0641502e+05
   2.9924730e+05
   2.9269185e+05
   2.8599819e+05
   2.7916191e+05
   2.7217839e+05
   2.6504284e+05
   2.5776372e+05
   2.5036390e+05
   2.4279128e+05
   2.3503972e+05
   2.2710283e+05
   2.1897386e+05
   2.1115261e+05
   2.0334095e+05
   1.9533640e+05
   1.8713172e+05
   1.7871930e+05
   1.7097145e+05
   1.6443545e+05
   1.5779540e+05
   1.5104879e+05
   1.4419303e+05
   1.3864961e+05
   1.3478241e+05
   1.3087950e+05
   1.2694038e+05
   1.2296455e+05
   1.1876370e+05
   1.1379927e+05
   1.0867937e+05
   1.0339655e+05
   9.7942935e+04
   9.2494530e+04
   8.8828572e+04
   8.5098947e+04
   8.1303983e+04
   7.7441948e+04
   7.3496371e+04
   6.9206390e+04
   6.4857109e+04
   6.0447290e+04
   5.5975658e+04
   5.1440906e+04
   4.7490932e+04
   4.4817432e+04
   4.2240782e+04
   3.9755812e+04
   3.7357714e+04
   3.5042011e+04
   3.2804529e+04
   3.1113493e+04
   2.9568210e+04
   2.8033096e+04
   2.6508052e+04
   2.4992979e+04
   2.3487780e+04
   2.1992358e+04
   2.0713873e+04
   1.9793605e+04
   1.8877123e+04
   1.7964403e+04
   1.7055423e+04
   1.6150160e+04
   1.5248591e+04
   1.4350693e+04
   1.3456444e+04
   1.2565822e+04
   1.1802668e+04
   1.1342221e+04
   1.0885193e+04
   1.0431547e+04
   9.9812437e+03
   9.5342477e+03
   9.0905223e+03
   8.6500318e+03
   8.2127410e+03
   7.7786150e+03
   7.3476198e+03
   6.9197215e+03
   6.4948868e+03
   6.2045305e+03
   5.9611925e+03
   5.7193171e+03
   5.4788913e+03
   5.2399019e+03
   5.0023362e+03
   4.7661814e+03
   4.5314251e+03
   4.2980549e+03
   4.0660585e+03
   3.8354237e+03
   3.6061388e+03
   3.3781918e+03
   3.1515711e+03
   2.9732091e+03
   2.8464038e+03
   2.7208859e+03
   2.5966358e+03
   2.4736344e+03
   2.3518629e+03
   2.2313030e+03
   2.1119367e+03
   1.9937465e+03
   1.8767148e+03
   1.7608249e+03
   1.6460601e+03
   1.5324041e+03
   1.4198409e+03
   1.3083548e+03
   1.1979305e+03
   1.1060150e+03
   1.0743575e+03
   1.0427766e+03
   1.0112721e+03
   9.7984379e+02
   9.4849128e+02
   9.1721432e+02
   8.8601267e+02
   8.5488603e+02
   8.2383414e+02
   7.9285673e+02
   7.6195353e+02
   7.3112428e+02
   7.0036871e+02
   6.6968656e+02
   6.3907757e+02
   6.0854147e+02
   5.7807800e+02
   5.4768690e+02
   5.3228146e+02
   5.1898818e+02
   5.0572116e+02
   4.9248033e+02
   4.7926561e+02
   4.6607692e+02
   4.5291417e+02
   4.3977731e+02
   4.2666624e+02
   4.1358090e+02
   4.0052121e+02
   3.8748708e+02
   3.7447846e+02
   3.6149526e+02
   3.4853741e+02
   3.3560483e+02
   3.2269746e+02
   3.0981521e+02
   2.9695802e+02
   2.8412580e+02
   2.7714642e+02
   2.7529363e+02
   2.7344442e+02
   2.7159878e+02
   2.6975670e+02
   2.6791817e+02
   2.6608319e+02
   2.6425173e+02
   2.6242379e+02
   2.6059937e+02
   2.5877844e+02
   2.5696101e+02
   2.5514705e+02
   2.5333656e+02
   2.5152954e+02
   2.4972596e+02
   2.4792583e+02
   2.4612912e+02
   2.4433584e+02
   2.4254596e+02
   2.4075949e+02
   2.3897641e+02
   2.3719671e+02
   2.3542038e+02
   2.3364742e+02
   2.3187781e+02
   2.3011154e+02
   2.2834860e+02
   2.2658899e+02
   2.2483270e+02
   2.2307971e+02
   2.2133002e+02
   2.1958362e+02
   2.1784049e+02
   2.1610063e+02
   2.1436404e+02
   2.1263069e+02
   2.1090058e+02
   2.0917371e+02
   2.0745006e+02
   2.0572962e+02
   2.0401239e+02
   2.0229836e+02
   2.0058751e+02
   1.9887984e+02
   1.9717534e+02
   1.9547400e+02
   1.9377582e+02
   1.9208077e+02
   1.9038887e+02
   1.8870008e+02
