0.000000
1.714533
2.969415
5.202507
6.111662
6.578803
8.028128
9.232976
11.161410
11.810716
13.274701
15.866119
17.264275
17.849627
18.632851
20.066871
21.136625
23.159246
23.894064
24.803430
26.504153
27.245592
27.578963
28.436644
29.871994
30.215321
31.464007
31.988538
32.852206
33.682878
33.957094
34.873281
35.538693
35.912012
37.305540
38.112164
38.290019
38.720863
39.065551
39.821667
40.031193
40.832393
41.343569
41.819966
42.316371
42.725342
42.866433
43.057786
43.174294
43.243350
43.667493
43.811468
44.136373
44.660611
45.728500
45.929050
46.441945
46.503192
46.691236
46.907932
46.959569
47.543904
47.589665
47.811461
48.413658
48.582509
48.763630
49.290973
49.982739
50.220082
50.502536
50.873207
50.950202
51.105187
51.616767
51.761260
52.226948
52.329922
52.890108
52.958346
53.003117
53.120390
53.263398
53.501239
53.631932
53.751612
53.924323
54.030985
54.158129
54.194608
54.355624
54.523284
54.650797
54.739131
54.884647
54.958338
55.030370
55.110637
55.246516
55.304795
55.418511
55.519795
55.581528
55.656845
55.759745
55.851278
55.917806
55.991420
56.097871
56.140756
56.210066
56.297899
56.362621
56.406204
56.471770
56.525439
56.558522
56.589883
56.638652
56.689647
56.743963
56.761718
56.783643
56.829923
56.870842
56.917959
56.962311
56.990880
57.021921
57.049669
57.086043
57.104651
57.124897
57.158902
57.191771
57.211615
57.233690
57.252089
57.285007
57.291719
57.315053
57.331188
57.342554
57.961073
57.973839
58.007111
58.019084
58.031094
58.053841
58.060104
58.086868
58.108144
58.122208
58.129392
58.149088
58.156025
58.177800
58.182573
58.216106
58.249355
58.270944
58.283390
58.306970
58.314200
58.336124
58.352998
58.360857
58.387074
58.391035
58.404666
58.412989
58.436470
58.452651
58.805404
58.833189
58.845589
58.870156
58.878267
58.892744
58.913620
58.919217
58.928517
58.957190
58.967705
58.983111
59.002546
59.011077
59.038355
59.044040
59.053234
59.070473
59.088031
59.103323
59.116492
59.135441
59.139980
59.162232
59.179014
59.181708
59.196672
59.205850
59.215309
59.234501
59.237027
59.244139
59.250951
59.263244
59.267727
59.276537
59.290691
59.289933
59.295974
59.302868
59.311472
59.318650
59.331166
59.332024
59.337224
59.341369
59.933788
59.926465
59.933505
59.955851
59.957307
59.971780
59.974476
59.981451
59.983668
59.987548
59.993877
59.996334
60.015944
60.024536
60.024042
60.036014
60.040047
60.633278
60.625650
60.631743
60.643654
60.642858
60.646737
60.661416
60.665991
60.668930
60.681366
60.692333
60.693924
60.699387
60.712434
60.715785
60.725203
60.734170
60.746710
60.747194
60.758168
60.760599
60.770835
60.772400
60.779730
60.785278
60.796899
60.807609
60.809541
60.813301
60.828721
60.830683
60.843574
60.853502
60.858434
60.863186
60.866559
60.878030
60.878633
60.887767
60.890821
60.897656
60.908365
60.911590
60.914174
60.917859
60.921129
60.924613
60.938915
60.940274
60.943517
60.946636
60.951217
60.957805
60.974031
60.972729
60.976420
60.981836
60.995597
61.002257
61.009854
61.012627
61.019612
61.028652
61.033041
61.037549
61.038754
61.051951
61.050232
61.055988
61.060552
61.063742
61.070771
61.085224
61.085816
61.089078
61.093116
61.097968
61.104670
61.111458
61.110801
61.122268
61.124842
61.128620
61.134395
61.136907
61.144249
61.156680
61.153754
61.162236
61.163771
61.164788
61.173792
61.178428
61.181299
61.189193
61.197501
61.202678
61.205148
61.209189
61.219892
61.217938
61.236656
61.242935
61.241834
61.250613
61.249345
61.252883
61.257163
61.258725
61.261662
61.274509
61.266442
61.274764
61.278119
61.272465
