22970920.151082
-27953677.751380
19188404.376911
63926495.953112
85128401.669715
96195668.430420
77133050.541685
62879713.351497
36466812.855271
44336721.410077
26102005.049944
-1449047.418253
-17809021.554384
-23798344.492908
-32946664.755688
-49029362.450338
-60189326.624573
-78215710.364271
-84572028.546686
-77550322.790118
-92195982.905885
-87601257.081978
-85309130.447591
-78353371.525255
-90391969.063260
-87879159.597481
-97197772.943863
-93655312.638043
-87873315.026396
-82190733.303835
-80733680.221749
-87039685.132801
-82719218.598816
-85271034.585181
-93953676.509077
-98590169.295430
-97624871.619285
-94807295.231066
-92854388.771984
-96824554.867941
-95872765.288078
-100491433.847098
-97596641.225083
-95901906.358983
-93283536.437567
-91441199.054092
-90821040.840661
-89966843.471289
-89319972.613388
-88939772.824781
-87012211.832520
-86260085.266723
-84536892.318717
-86899746.733499
-91712247.927480
-90922138.127265
-93256600.876196
-92970801.242188
-92265874.739795
-91130674.106627
-90873934.903068
-93398810.594314
-93210004.347089
-92369235.628558
-94984721.799083
-94089049.759969
-93437058.237719
-95939091.567849
-98786871.452248
-97752060.229770
-96380912.568982
-97829883.559753
-97447900.389621
-96631950.663653
-98641166.144040
-97989666.116340
-99819557.842704
-99373212.008757
-101503665.982644
-101271754.071918
-101057445.857025
-100687111.522731
-100393272.484511
-101208615.114292
-100579805.625027
-99991672.228761
-99469257.988288
-99004751.173204
-98363718.952993
-98281152.611674
-97453667.900667
-96589301.505729
-95923762.164478
-95464183.328906
-94692324.636308
-94306461.692168
-93926385.221856
-93495340.351739
-92759527.359533
-92447552.231720
-91825800.361849
-91270905.979755
-90935138.721334
-90520523.637849
-89949996.295027
-89445946.994443
-89076823.767714
-88667789.587424
-88072674.459946
-87835903.338739
-87449215.110626
-86957118.198606
-86592551.375359
-86350164.524100
-85981044.409972
-85683107.405326
-85498547.352894
-85323700.983043
-85048075.108349
-84762735.551072
-84456818.425224
-84356553.541741
-84232580.711469
-83969286.666246
-83736689.390382
-83467476.067012
-83213705.983917
-83050086.326528
-82873594.131745
-82714817.084297
-82506731.691012
-82399881.127027
-82285897.083258
-82092685.773519
-81903875.978299
-81790347.263618
-81665738.865196
-81563289.820362
-81374897.414771
-81335473.499923
-81203294.074289
-81111717.197187
-81047553.735217
-81947587.570762
-81892407.376891
-81705048.947771
-81636749.579917
-81569057.322145
-81440654.523918
-81404228.187602
-81253666.035787
-81133459.161146
-81053928.347083
-81013252.281874
-80902683.201635
-80863449.011873
-80741269.039885
-80713645.741871
-80524285.794390
-80335722.598705
-80211873.086727
-80141448.849795
-80008189.203329
-79966602.484576
-79843511.854413
-79747361.528631
-79701904.507998
-79553163.672535
-79528727.678137
-79451511.453605
-79403967.503352
-79270556.085155
-79178579.609349
-79634553.747042
-79490328.263002
-79417172.051540
-79278144.903291
-79231094.226217
-79149742.100432
-79031660.090238
-78998876.395891
-78946399.723114
-78783961.070916
-78721543.037116
-78633550.690831
-78522450.388690
-78473123.075439
-78318918.290918
-78285072.162032
-78232557.540532
-78133902.904766
-78032957.413052
-77944334.227732
-77867745.266449
-77759167.065217
-77732188.816744
-77606138.547508
-77508413.541963
-77490826.455933
-77405831.688180
-77352482.301316
-77297918.703551
-77188184.393307
-77171488.988776
-77130812.923568
-77091351.064630
-77020926.841592
-76994214.192491
-76944431.550151
-76863079.419735
-76865507.846170
-76831509.936290
-76792048.081983
-76742644.875919
-76700982.268985
-76629343.816518
-76622817.437553
-76593524.599549
-76569847.486965
-77148883.796754
-77202451.366770
-77162685.959739
-77037318.684134
-77026011.456276
-76944886.883871
-76928039.702978
-76888729.625034
-76875449.193296
-76853365.732521
-76817546.510920
-76802975.984731
-76692786.345398
-76642093.035618
-76643629.771291
-76576525.646925
-76552241.428890
-77084824.685665
-77138098.193610
-77104707.389181
-77038532.895036
-77041568.426922
-77020395.619691
-76938986.276700
-76911647.851172
-76894648.907812
-76826045.987232
-76764121.231243
-76754559.320392
-76724659.376937
-76653020.938366
-76632986.458487
-76580775.380449
-76530385.632659
-76459961.400358
-76455104.556751
-76394394.016296
-76379519.928118
-76322907.344824
-76313117.769429
-76272669.368765
-76241251.661682
-76177050.260253
-76116946.825249
-76104804.711599
-76083859.568913
-75998864.810423
-75987102.142312
-75915985.430357
-75859534.109448
-75831151.929620
-75804135.737057
-75784860.138992
-75721227.903554
-75716257.223043
-75665867.470621
-75647123.089826
-75609277.416632
-75549910.334137
-75530634.731440
-75516026.256529
-75495574.391653
-75477057.675401
-75457630.300973
-75379465.474174
-75370814.226131
-75352601.057973
-75334994.999898
-75309496.566329
-75273070.248541
-75182459.755367
-75187449.403291
-75167282.119095
-75137078.622914
-75060659.228918
-75021728.587249
-74977865.811301
-74961625.147613
-74922770.398758
-74872077.093610
-74846275.111948
-74820547.647441
-74813189.254430
-74740335.215403
-74747620.480814
-74715792.498619
-74690249.006443
-74672946.505725
-74634022.983205
-74550690.645556
-74545226.696499
-74527241.197517
-74505309.513104
-74478606.359288
-74441696.245080
-74403391.685539
-74405820.107343
-74342263.755455
-74327550.934294
-74305647.707950
-74273395.230872
-74258597.035507
-74217920.974931
-74148407.391543
-74162372.048984
-74115927.259185
-74106213.567339
-74100142.512830
-74050375.280646
-74023950.778746
-74007255.378847
-73963486.870249
-73916796.671300
-73886441.389493
-73871870.858672
-73849161.325032
-73789304.521986
-73798183.439205
-73694975.512557
-73657031.421878
-73661357.048215
-73612864.500327
-73618415.602218
-73599052.851320
-73574427.136469
-73565206.722434
-73548851.633598
-73477374.526890
-73519691.595279
-73475127.451161
-73456003.634090
-73486586.566546
