0.000000 0.000000 0.000000
1285.899944 0.000000 -1293.992640
2227.061165 -2132.811487 -4387.297885
3053.014055 -904.001220 -10015.233138
5086.583180 -521.536710 -13818.943240
4903.455213 -1564.224315 -15921.188167
6703.954054 -4680.983529 -19907.649939
8127.862880 -2640.607212 -23062.831374
6687.903107 -34.362577 -32051.205505
7885.801221 1777.443986 -34419.301377
13199.564248 1158.765103 -40988.693597
7314.682659 4274.312219 -54293.110900
12209.837943 3470.580335 -62656.531529
12739.019395 1577.279319 -64865.002137
15579.674874 -1030.522416 -69269.083900
19859.518126 -4271.199173 -79886.964848
22698.450111 -9160.667374 -86376.144786
17448.876266 -1680.430519 -97324.349200
19608.652312 -1084.589875 -101654.598051
19821.642034 1689.677624 -105699.249749
20727.837353 1728.097897 -118530.471471
19128.403439 1904.123914 -120954.243174
19334.152687 890.840275 -122443.305364
23231.221410 910.549804 -129527.945196
24859.864758 3936.550125 -143019.104671
25331.618925 3972.461711 -146302.760737
25860.628425 -1801.232680 -155116.785772
28582.170778 -493.503365 -158217.755654
25890.137059 -346.466409 -164420.515724
22708.549263 -2080.441182 -171277.235056
23888.243036 -2116.892513 -171970.437832
22225.756909 -363.215429 -180438.490038
19681.969535 1477.297030 -185953.843873
20065.104819 1129.792256 -189741.651229
13101.349773 6125.461972 -199217.819059
11348.935864 3734.758226 -204526.692874
12437.342227 3529.653819 -205444.224135
15203.325437 4476.319340 -209899.629759
16966.194420 3175.270308 -211876.783866
17136.193826 6740.417408 -216822.826962
17815.849768 5986.684668 -217466.354462
17031.089350 2260.444256 -224728.795325
15943.557389 4964.608910 -229080.536919
13998.684134 4909.069427 -229972.555685
14153.821584 8363.555387 -232770.952681
15354.282722 10381.464488 -233913.341430
14764.509156 10283.980119 -234425.754924
15789.764507 9725.149924 -234914.643722
16166.161016 10424.929662 -235743.292470
16322.329460 10009.427085 -236288.205817
14219.186573 8543.586650 -237847.824561
13422.226649 8002.187378 -238748.814845
13488.992157 5745.994245 -240857.089547
11629.869285 6351.861258 -244494.633585
8832.682159 552.789048 -251029.773947
8868.208415 -701.599834 -251625.411004
9834.511235 -3842.981776 -254888.835820
9676.811652 -4184.344465 -255365.245972
9048.713233 -3519.250526 -255934.533832
7445.483768 -3105.043727 -257761.090170
7394.979340 -2938.494339 -258240.025174
10136.104366 -1070.761900 -262095.072235
9952.090900 -900.423013 -262393.615157
9411.399761 238.209638 -262992.937836
6506.543646 -2671.238024 -266701.646603
5763.812633 -3256.807240 -268765.823253
4796.468817 -2786.749007 -269280.553473
2379.025504 -481.230686 -274215.950479
-1433.115274 -648.071510 -278550.354333
-219.837568 -2104.144175 -280016.503644
-183.619048 -4372.994718 -282517.793996
822.500476 -2360.086537 -284793.707346
869.753129 -2628.842141 -285752.812110
1903.249649 -2316.282310 -287849.828060
2978.325758 1085.479279 -291107.890958
2521.977902 -70.890549 -292310.643788
5603.861063 919.572942 -295441.118413
5021.704902 305.195497 -296305.515531
1201.654688 189.484508 -299850.835751
985.562559 -252.531861 -300157.296845
865.387481 -220.670415 -300728.762587
1220.959321 -852.625077 -301009.596736
1353.006513 -464.176190 -301073.086177
503.188619 -1065.901275 -302572.909908
1349.715031 -362.235830 -304212.864456
761.211951 -653.438295 -305927.206011
1730.815511 -215.351228 -306219.154353
2655.707361 -293.640476 -307029.621693
2059.862732 -586.249880 -309063.219543
1964.349084 -750.729854 -309090.794510
1241.863786 -664.979691 -311889.367013
100.952944 -638.821136 -315008.613421
-684.631013 -632.111145 -317672.881842
-1231.626076 -961.919054 -319466.036505
-2074.238588 -1723.501936 -322672.202695
-2216.945899 -2108.739879 -324332.706045
-2432.877663 -2733.347854 -325893.652063
-2933.426921 -3065.402674 -327901.165745
-4111.990517 -3219.249446 -331425.089072
-4639.046667 -3542.069423 -332961.941296
-5901.356228 -4016.700525 -336106.624623
-6636.096225 -4092.298705 -339232.810549
-7091.044940 -4650.897010 -340949.572017
-7918.560809 -5229.782559 -343201.321411
-9307.517201 -5915.729183 -346482.664032
-9611.219099 -5616.109663 -349494.017056
-9858.531209 -5449.213085 -351887.230261
-10442.256480 -4974.797818 -354423.958718
-12181.271887 -6106.566515 -357952.354482
-12709.878592 -5795.917531 -359447.136101
-12615.907147 -5661.848221 -362073.009865
-12307.388249 -5189.328572 -365559.188581
-13449.080186 -5686.503140 -367936.930354
-13189.550687 -5827.750925 -369585.534967
-14281.326087 -6874.881668 -371915.626777
-15448.904708 -7707.216579 -373361.813056
-15573.273314 -7599.117708 -374784.892997
-15222.136994 -7658.162414 -375931.298319
-16123.421557 -7799.735994 -377919.869766
-15663.042435 -7195.642035 -379915.633394
-15003.701733 -6886.366634 -382232.829490
-15268.398708 -6707.745856 -382919.065602
-15201.981642 -6561.609282 -383927.638701
-16104.413517 -6561.209461 -385923.660145
-15955.021357 -6080.249287 -387867.771361
-16010.564924 -5595.456121 -390232.852269
-16256.720658 -4910.637257 -392402.136556
-16095.340383 -4460.445728 -393821.283002
-15643.870978 -4509.596122 -395260.840428
-15966.326939 -4238.761787 -396650.668772
-16769.562559 -4146.465055 -398295.644770
-17075.551253 -4244.910097 -399217.639070
-16630.004493 -4132.103849 -400044.556955
-16014.992987 -3975.346940 -401712.586170
-16901.780942 -4244.617212 -403184.662256
-17458.477335 -4528.690853 -404023.426974
-16896.764022 -4408.895546 -404982.931815
-16615.461970 -4048.940316 -405577.340295
-17434.994681 -4476.008120 -407225.287596
-17418.083137 -4461.287349 -407633.158831
-16763.247951 -4352.697520 -408611.466246
-17103.269370 -4771.199354 -409229.556250
-17240.766638 -5083.772068 -409654.946060
-19913.976180 -2308.236862 -417237.357391
-19587.566548 -2203.324201 -418233.976131
-19316.980522 -1472.176519 -419958.026276
-19533.240954 -1380.030437 -420581.216891
-19353.656182 -1441.519528 -421267.411537
-19052.205114 -1203.367330 -422590.102316
-18899.796012 -1177.099922 -422927.615108
-18293.552427 -1072.351475 -424404.196550
-18143.156672 -448.446776 -425468.730109
-17799.947708 -273.669661 -426269.589381
-17928.372129 -104.377095 -426637.377136
-18464.040599 74.855999 -427552.919240
-18333.053858 -37.737340 -427905.527986
-18624.595009 480.406199 -429060.442048
-18666.465333 527.360228 -429362.707883
-19563.305978 -120.249477 -431082.400487
-18602.125162 -185.615900 -433056.160654
-19413.915691 -470.514758 -434208.398350
-19191.930997 -703.974351 -434865.658943
-18409.333637 -719.931158 -436204.760421
-18716.219856 -668.482509 -436482.455212
-18415.209994 -30.307926 -437697.266854
-18311.732580 347.825738 -438777.153874
-18125.592286 305.249365 -439320.555207
-17968.296738 985.981019 -440962.355097
-18085.384912 1003.415123 -441240.428093
-18413.285740 1086.678775 -442043.556626
-18609.749834 841.796860 -442443.617741
-18448.307618 1286.422352 -444079.334564
-18880.082754 642.187889 -444666.720834
-17873.530644 -80.781396 -450169.683225
-17821.568171 751.290676 -452425.408077
-17566.133637 664.701405 -453293.286920
-18165.394993 -47.318683 -454693.648262
-18454.843859 -328.810967 -455096.034337
-18110.475827 118.437843 -455928.471233
-18754.664988 -580.172008 -457067.574057
-18951.691704 -692.214809 -457384.523993
-18635.422356 -814.662478 -457941.817174
-18413.502690 -110.861374 -460106.883243
-18178.234709 -177.951455 -460926.950403
-18173.445542 373.082062 -462011.920466
-18950.234211 98.210080 -463159.786000
-18580.707701 164.748194 -463768.933466
-19209.450488 -878.402494 -465284.768963
-19188.157276 -570.092365 -465718.053373
-19198.855496 -344.636659 -466418.887628
-19308.373107 -24.560676 -467768.066104
-19046.509090 -243.604652 -469126.894524
-19121.258669 70.863659 -470447.119531
-18974.460196 433.765379 -471542.450272
-19617.620990 -223.517966 -472769.003972
-19719.484922 -26.619275 -473005.008191
-19524.144537 -374.178367 -474711.695401
-19467.165335 -20.718955 -476223.762671
-19403.305372 46.770578 -476530.300936
-19349.829561 -309.362993 -477580.977857
-19317.675682 -530.720967 -478353.588000
-19376.964203 -666.310829 -479116.045903
-19029.971309 -1061.137004 -480669.857504
-19064.353475 -1173.022053 -480936.382535
-19158.756474 -1258.859607 -481464.145435
-19018.196267 -1338.116021 -482052.774302
-19098.819143 -1143.578448 -483159.230284
-19256.597637 -1448.287735 -483314.771254
-19325.291088 -1707.441228 -483957.690585
-19272.590889 -1377.530498 -485197.940008
-19289.040216 -1318.128460 -485202.528521
-19294.254572 -1501.798739 -485664.051437
-19647.445677 -1527.494553 -486034.589663
-19734.146032 -1687.353171 -486749.571202
-20069.981321 -1744.352243 -487239.039025
-19824.269112 -1804.457626 -488332.123890
-19866.112801 -1695.356872 -488447.673081
-19694.386214 -1803.732740 -488818.998082
-19496.677722 -1718.258597 -489033.334870
-17401.099346 -2799.154901 -498751.518684
-17412.573577 -2727.701513 -498850.213785
-17538.607281 -3083.395765 -499206.346278
-17297.873096 -2575.951147 -501229.920200
-17138.444453 -2690.822685 -501455.974303
-16676.093029 -2772.665951 -502653.277091
-16568.135636 -2601.539460 -502887.222823
-16630.484184 -2353.840592 -503467.557583
-16613.965769 -2334.896570 -503693.437384
-16562.584297 -2139.650850 -503939.892048
-16549.093362 -1918.993799 -504525.871360
-16497.435536 -1988.595227 -504761.708196
-16455.979050 -1285.078418 -506502.059062
-16575.497994 -1757.571648 -507279.611102
-16552.670919 -1748.476151 -507248.828339
-16285.624815 -1906.123348 -508264.300078
-16438.595313 -1974.234081 -508651.216422
-19808.790921 -3107.799153 -518173.951068
-20011.861328 -3594.554155 -517906.522847
-19817.179632 -3669.270340 -518357.650820
-19817.924936 -4189.287745 -519254.413087
-19797.501455 -4209.821749 -519256.935321
-19795.922756 -4029.330237 -519542.514269
-19515.982326 -3589.911586 -520836.867564
-19460.013363 -3522.001535 -521320.057254
-19712.043241 -3561.936084 -521526.219614
-19439.777406 -3707.178364 -522682.843411
-20093.285437 -4295.672788 -523223.359529
-19990.756837 -4262.460100 -523373.910991
-20299.165349 -4498.704545 -523558.197636
-19779.095722 -4652.004753 -524654.933339
-19843.790702 -4908.458646 -524899.593261
-19833.867677 -5359.518309 -525574.229113
-19762.142254 -5744.618578 -526381.719729
-19759.711583 -5499.531159 -527581.333675
-19872.961549 -5464.185051 -527702.431917
-19563.763054 -5100.668183 -528699.325536
-19586.854196 -5085.956640 -529005.565145
-19051.604526 -5235.312930 -529779.243686
-18994.856965 -5085.366262 -529887.646645
-19019.436777 -5421.458588 -530487.058605
-19155.373847 -5083.252642 -530833.188855
-18820.933130 -4464.967073 -531677.988210
-18691.515985 -4948.080289 -532621.279506
-18618.902062 -5115.079912 -532740.978046
-18556.128975 -4887.369465 -533026.965887
-19294.722506 -5680.554477 -533888.735602
-19392.207636 -5500.537541 -533978.991194
-19280.462028 -5011.521731 -535183.709853
-18973.760044 -4311.138865 -535983.234716
-18705.468753 -4419.308716 -536412.154111
-18789.666275 -4234.668343 -536847.448760
-19028.895852 -4283.724775 -537061.460568
-18771.586728 -4329.036711 -538207.134910
-18560.239978 -4408.238990 -538232.310526
-18690.614268 -4739.846580 -539085.155828
-18570.962238 -4448.343752 -539245.725846
-18989.391701 -4437.005849 -539654.673130
-18361.428951 -4470.414584 -540564.176940
-18279.733564 -4597.454457 -540895.767202
-18247.243919 -4811.976089 -541058.755658
-18347.915097 -4870.725975 -541401.823859
-18410.855618 -4935.304622 -541752.211335
-18737.849577 -4992.801182 -541837.265378
-18256.074593 -4054.710793 -542686.948545
-18317.026470 -4048.352040 -542853.163348
-18201.420422 -3961.931910 -543134.042962
-18037.098426 -3762.990880 -543392.132716
-17847.632803 -3640.669310 -543742.634168
-17688.235201 -3126.264815 -544073.774294
-16808.690456 -3231.787573 -545444.134225
-16852.280748 -3108.949713 -545372.104380
-16943.709598 -3236.525059 -545701.474784
-17316.331162 -3284.404864 -546081.741090
-17044.703909 -3945.769324 -547299.235195
-17229.292309 -3779.008647 -548035.924992
-17034.907149 -4370.953623 -548673.580256
-17009.332541 -4487.613535 -548992.197399
-17557.307104 -4462.297659 -549423.939758
-17447.927791 -4279.193668 -550342.339933
-17741.102212 -4672.337119 -550824.061143
-17598.286656 -4746.059034 -551306.241194
-17792.067436 -4934.189639 -551298.199037
-17680.108229 -4683.742751 -552650.195099
-17561.507937 -4858.942841 -552646.438208
-17800.914474 -5087.795792 -553091.869829
-18228.893677 -5151.742083 -553193.523397
-18077.440788 -4907.013588 -553360.586908
-17826.616078 -4597.376562 -554003.868632
-17751.241598 -3947.407639 -555379.904006
-17611.529796 -4225.734658 -555559.993921
-17524.854549 -3898.352395 -555639.904109
-17301.539910 -3721.217944 -555901.263951
-17735.226144 -3757.517329 -556052.206783
-17250.951142 -3719.555768 -556612.168165
-17444.439446 -3434.734659 -557281.935119
-17425.637430 -3346.683610 -557250.286074
-18081.435457 -4045.343331 -557735.894077
-18129.912296 -4196.012281 -557969.237094
-18136.607284 -4436.389122 -558265.026999
-18310.481247 -4664.240206 -558834.399299
-18150.560038 -4863.992549 -559031.391828
-17580.406912 -4905.626548 -559627.214345
-17514.184001 -4302.744763 -560909.674973
-17437.960285 -4252.458831 -560697.789736
-17345.328492 -4326.938491 -561551.805697
-17598.038875 -4615.017315 -561755.443148
-17560.791903 -4642.653882 -561794.443374
-18183.612461 -5169.225673 -562343.201459
-18185.268439 -5060.614061 -562897.861906
-18610.947460 -5075.512816 -563059.425748
-19092.278824 -5507.129287 -563611.066984
-19749.668208 -5888.714568 -564186.288940
-19805.674419 -5586.783635 -564677.623764
-20013.553319 -5793.881416 -564919.913749
-20145.013020 -5990.417664 -565341.966661
-20023.982806 -5292.165094 -566432.790306
-20288.235370 -5480.327990 -566277.927572
-20207.822210 -5011.269189 -567717.962636
-20256.960101 -4262.964883 -568692.840319
-20180.514649 -4138.593536 -569253.046039
-20379.856842 -3959.807025 -569979.800794
-20458.672046 -4044.776702 -570032.701604
-20672.600855 -4276.348397 -570167.899422
-20558.471870 -4278.549454 -570592.462923
-20844.931607 -4308.831165 -570732.605769
-20798.649887 -4079.531583 -570992.411380
-20563.100665 -3803.237742 -571798.314618
-20540.272082 -3827.705306 -571920.480087
-20192.017942 -3921.212191 -572254.207249
-20321.417538 -4117.449282 -572709.445934
-20338.248907 -4059.787695 -573699.538741
