3195.856176 3685.267521 4247.186349 4895.704668 5644.752498 6508.351886 7499.769914 8629.871566 9904.315365 11321.575156 12868.747916 14519.655584 16232.600446 17951.155180 19607.716522 21130.287643 22451.362387 23515.680601 24285.218727 24739.402458 24872.340651 24689.055009 24199.763913 23416.485678 22356.810348 21051.507747 19548.760146 17911.466331 16209.248880 14509.030950 12867.502365 11326.903108 9914.205316 8642.626421 7514.394966 6523.951864 5660.797514 4911.853012 4263.121907 3700.885346 3210.780956 
3212.436748 3698.698442 4262.968671 4915.246371 5669.740141 6541.036754 7543.125456 8687.377682 9980.369255 11420.772412 12996.020286 14679.293794 16427.434572 18181.574703 19870.823665 21419.930091 22758.942452 23832.321362 24603.779031 25055.379017 25183.964006 24997.590635 24507.787985 23723.871905 22658.361579 21338.208876 19811.058195 18142.156850 16404.794131 14669.453186 12995.474968 11426.671494 9990.620049 8700.451234 7557.924838 6556.798944 5685.890696 4931.448897 4278.954508 3714.319770 3227.377687 
3260.726055 3737.656431 4308.851721 4972.140581 5742.763827 6637.060092 7671.013673 8858.116960 10207.219150 11718.515822 13380.150485 15163.509451 17021.079412 18886.139822 20677.164080 22307.529532 23699.188401 24795.898925 25568.392059 26008.364217 26120.456436 25923.899477 25436.743787 24658.083666 23580.946210 22218.281895 20616.243328 18848.615367 17001.259584 15156.387315 13381.819169 11726.158617 10218.669175 8872.035852 7686.354733 6653.213887 5759.189957 4988.517485 4324.961661 3753.383512 3275.709616 
3336.394235 3798.476000 4380.493334 5061.305200 5858.047501 6790.133811 7876.949711 9136.293570 10581.041377 12215.122403 14027.849055 15988.663925 18042.301572 20107.338405 22080.916289 23852.336590 25325.797749 26444.607108 27199.670256 27606.621670 27677.500658 27459.094228 26994.133770 26254.481499 25182.056566 23756.625040 22023.311478 20076.605131 18029.432073 15987.350767 14033.909822 12225.857821 10594.725198 9151.675984 7893.280735 6806.886033 5874.915039 5077.963035 4396.778679 3814.394763 3351.504621 
3432.609023 3875.251846 4470.802831 5174.388611 6006.031393 6989.459935 8149.826658 9511.571508 11094.905344 12910.039829 14950.364226 17183.619530 19543.430662 21924.289975 24184.628667 26165.942386 27732.845538 28828.108597 29500.875068 29836.782038 29812.282614 29540.496171 29162.744221 28570.242509 27573.377842 26080.905780 24145.951464 21911.838735 19545.244427 17193.070225 14963.938996 12925.833112 11111.887219 9529.191123 8167.615298 7007.168780 6023.494005 5191.476677 4487.362365 3891.428318 3447.934616 
3540.338716 3959.978314 4570.232370 5300.035542 6173.185514 7219.689358 8473.044874 9968.047154 11736.551381 13800.660611 16162.630495 18791.119041 21606.369333 24466.039012 27161.407289 29437.338116 31061.356269 31958.069559 32344.836619 32600.672443 32366.276724 31917.758937 31827.894871 31684.894710 30957.456175 29419.990522 27179.223510 24494.502230 21635.811657 18818.648789 16187.773454 13823.841710 11758.184207 9988.567411 8492.731517 7238.642883 6191.451694 5317.656303 4587.184945 3976.525722 3556.024438 
3648.848734 4042.973648 4667.144963 5423.937541 6342.122149 7460.134674 8823.115642 10481.213914 12484.938608 14876.716029 17676.179001 20859.892066 24334.266611 27905.064143 31250.290717 33920.766262 35426.835166 35531.743752 34850.900163 35420.657153 34770.132506 33561.791814 34465.818245 35610.755843 35626.347938 34111.656576 31398.274761 28011.822941 24410.202320 20914.857153 17717.620555 14909.603710 12512.474657 10505.296124 8845.003177 7480.504475 6361.342060 5442.193402 4684.555113 4060.009114 3665.042058 
3746.195557 4113.317967 4748.179502 5529.241666 6491.342043 7683.388967 9166.072890 11010.952809 13295.822080 16092.983371 19448.588455 23350.298714 27682.145056 32165.365676 36289.367895 39241.868969 39893.100025 37091.425965 31257.617187 35269.836783 34133.432344 29044.792530 34074.381691 38988.970501 41021.496369 39904.760845 36679.713173 32398.836613 27825.623988 23442.012100 19510.273881 16137.247822 13329.883185 11038.924285 9190.288634 7705.244281 6511.560273 5548.214440 4766.109618 4130.931412 3763.077828 
3820.041473 4159.604759 4799.142054 5597.115135 6594.677064 7852.370369 9448.837887 11481.067678 14057.581216 17279.614218 21204.551679 25786.728754 30795.950206 35721.420061 39671.747078 41260.233009 38340.281366 26915.660954 10486.484904 19531.292186 22267.738647 10388.401802 19243.477081 33845.502964 41277.629121 42686.955532 40408.539896 36119.152321 31019.484287 25918.432651 21286.868329 17334.797388 14097.592487 11512.455338 9475.148207 7875.553935 6615.845491 5616.816994 4817.649500 4177.860243 3837.779159 
3858.967344 4171.115026 4806.254190 5607.711519 6621.218741 7916.683866 9587.835498 11752.189980 14539.406299 18057.541294 22323.132854 27144.724276 31958.311126 35631.054838 36289.214635 31432.478072 21081.321636 42541.901659 11537.768204 42730.841914 46790.564754 29120.783675 52201.068871 20072.577561 23955.221159 33633.088459 37390.508388 36186.997606 32250.180700 27306.517470 22419.190985 18119.416114 14582.944305 11785.587229 9615.472736 7940.851172 6643.161379 5628.097335 4825.400287 4190.094067 3877.644735 
3854.038242 4139.684123 4758.789532 5544.086366 6541.394712 7822.432291 9484.528253 11650.195678 14453.271156 17996.675126 22263.632563 26964.712748 31307.219356 33671.398486 31148.571870 19030.055448 8688.591653 22163.169971 66304.520582 20130.806656 40383.571468 50670.570737 25292.585774 71724.072069 12343.634102 21282.687811 32355.148120 34267.261893 31609.151354 27127.462241 22358.573163 18057.414895 14496.189011 11683.473867 9512.372400 7847.040851 6563.872033 5565.058849 4778.560357 4159.486733 3873.851452 
3801.427322 4062.209715 4653.041892 5400.665519 6345.349443 7550.982669 9103.503954 11111.743237 13698.473558 16971.812634 20965.764264 25540.643510 30247.812391 34191.238097 35991.685892 34167.165675 28166.445373 16894.853617 25982.368819 21695.670770 23887.937246 23819.896206 44808.764245 27808.046442 31130.081724 35296.162713 36659.907317 34578.567713 30465.842749 25666.050844 21042.589727 17023.354466 13736.734435 11142.866806 9130.554022 7575.538065 6368.195533 5422.170268 4673.440090 4082.865137 3822.476622 
3703.347484 3941.545792 4494.212944 5187.459910 6052.882925 7140.949478 8518.156232 10268.284533 12489.483807 15283.506485 18732.624195 22861.317666 27584.270181 32645.405333 37550.313893 41464.714060 43057.645790 41396.239511 44013.838794 45251.865891 47226.811174 59340.221295 35436.095307 40991.746613 43725.162575 41952.541163 37864.727079 32841.048012 27704.038813 22936.668854 18783.643014 15321.702658 12520.943715 10296.107794 8543.854300 7165.200903 6075.978337 5209.535066 4515.313574 3963.132302 3725.725884 
3566.842405 3784.951574 4293.076213 4922.406593 5695.519385 6649.339637 7830.806761 9297.439148 11116.811227 13363.327883 16111.718381 19426.396868 23344.509333 27845.219937 32781.837538 37740.076007 41892.145467 44454.599357 46626.003515 49402.566211 43313.873688 36264.879195 42916.072753 42583.418880 41524.012841 37752.616267 32844.216328 27895.640866 23381.034826 19455.196627 16137.290047 13387.899264 11141.230274 9321.847182 7855.086608 6673.307609 5718.925395 4945.115938 4314.976230 3807.565481 3590.652478 
3401.367198 3601.691565 4062.028921 4623.513101 5300.878869 6119.543314 7110.182821 8308.878902 9756.593566 11498.717344 13585.018356 16073.061834 19037.029006 22581.440377 26832.688395 31818.406482 37112.359582 41373.806099 42132.211788 35177.329601 24159.927227 20090.341256 36655.520491 39451.073475 36520.031450 31621.994090 26740.481998 22527.393465 19008.083393 16063.247317 13588.870420 11511.552690 9775.000740 8330.472805 7133.450548 6143.466651 5324.814766 4647.023898 4084.841410 3625.457690 3426.757847 
3217.004305 3401.349072 3813.094116 4306.858339 4890.981243 5581.665659 6397.171769 7357.517033 8483.922030 9799.326018 11332.106067 13128.340226 15284.182339 18011.604764 21707.416442 26801.327946 32966.171909 37891.088380 37078.055306 22107.442645 28181.356891 13998.926620 31424.237301 36194.592276 32436.304638 26542.681579 21520.687510 17879.199390 15203.797022 13088.543771 11319.616553 9803.757615 8498.311711 7377.555165 6420.214701 5606.078186 4915.790193 4331.417869 3837.008571 3426.391609 3244.070592 
3023.066932 3192.708819 3556.998580 3986.041988 4483.155803 5057.444872 5718.039146 6473.085973 7329.379158 8292.729638 9372.354114 10597.137850 12062.851458 14043.659036 17111.553848 21715.656538 26330.739969 25470.321590 23898.719972 12582.694297 30482.033334 10397.014072 21096.710538 23630.775211 25920.214857 21443.915156 16839.783132 13837.927195 11939.896676 10536.340676 9350.314420 8293.212895 7342.591448 6493.297865 5741.929889 5083.074954 4509.279713 4011.948591 3582.234790 3219.155953 3051.861410 
2827.213926 2983.157277 3302.629582 3671.840117 4090.430809 4562.336874 5089.930739 5673.126517 6308.229523 6987.759760 7703.166767 8458.355466 9316.144969 10519.050974 12560.539449 15162.431394 13729.920009 7492.406349 23358.468032 30421.506100 11762.497856 12606.233558 25490.673454 14246.343747 13922.226237 14961.360283 12172.894584 10232.399322 9161.640347 8388.982525 7680.378410 6989.780303 6323.523498 5695.482589 5115.914276 4589.914654 4118.398139 3699.428431 3329.385551 3011.133134 2857.825498 
2635.402094 2778.433463 3056.734430 3372.161359 3721.936832 4106.270774 4523.084685 4966.804866 5426.986306 5886.947200 6324.142299 6716.697992 7071.859683 7501.154871 8157.635533 7550.760646 7375.531376 4814.891798 17247.933453 20905.405654 18367.637642 15218.361080 23782.843536 24385.847057 4602.211453 7628.660895 7548.159490 7146.324648 6917.076490 6659.052086 6311.595069 5896.354978 5447.603530 4993.225876 4552.304512 4136.545794 3752.208040 3401.761009 3085.211946 2808.080465 2667.918100 
2451.889087 2582.698842 2824.026469 3092.315409 3383.214317 3694.636170 4021.823954 4356.181123 4683.749247 4983.336063 5224.742419 5368.691643 5374.412349 5228.894675 4980.665424 4452.995327 2261.182615 10797.911471 14648.078271 15894.895285 17859.934787 14364.405022 15103.241022 13131.670941 11988.116561 1652.603366 4092.849517 4949.341434 5285.080819 5347.871933 5232.619586 5004.854837 4712.211370 4388.129855 4055.237560 3728.269030 3416.248407 3124.207610 2854.457765 2614.134440 2486.308459 
2279.313572 2398.661632 2607.541761 2835.278252 3076.941652 3329.084527 3585.764340 3837.249966 4068.917244 4259.167617 4377.194945 4380.009900 4209.295893 3790.753462 3049.201412 2031.872518 1500.557966 1606.718512 4357.009463 4453.317399 5072.197461 13718.565466 5518.507072 12105.617505 3462.580039 1863.860245 2918.621798 3764.468738 4220.137384 4404.874081 4408.818955 4294.600280 4106.455075 3875.659335 3624.060348 3366.593377 3113.086493 2869.719625 2640.062297 2431.976535 2315.636594 
2119.095587 2227.855875 2408.748688 2602.254291 2803.474918 3008.480822 3211.015403 3401.754279 3567.229852 3688.466196 3739.256384 3683.746801 3473.662803 3044.975677 2320.346431 1242.775060 245.831974 1384.910041 2306.315172 2834.387571 2753.919908 4356.727100 3455.692783 3870.053834 2518.032025 2166.686397 2642.871091 3188.484857 3556.784756 3744.542788 3791.430837 3737.124848 3614.036362 3447.045810 3254.653140 3050.197129 2843.016030 2639.432572 2443.487188 2263.106248 2157.347680 
1971.820186 2070.877741 2228.007564 2393.030845 2561.579714 2729.710228 2891.579262 3038.976926 3160.750106 3241.863902 3262.978265 3199.770845 3023.541560 2705.290410 2232.341738 1668.453115 1316.720972 1527.392027 1892.714275 2181.277790 2829.164675 3966.402199 3246.604492 2884.661495 2454.957855 2353.612870 2578.852942 2889.491318 3136.994855 3282.097333 3330.897428 3302.382447 3216.696266 3091.454157 2940.888424 2775.933936 2604.726814 2433.106471 2265.050993 2108.093307 2011.932364 
1837.326405 1927.672394 2064.884381 2206.511338 2348.965810 2488.627545 2620.422259 2737.609524 2831.483702 2891.262870 2904.066278 2856.197440 2735.239275 2537.143256 2280.924586 2036.471313 1935.524998 2065.829302 2348.973053 2776.168114 3652.022718 3544.948635 3060.121330 2718.647053 2491.535809 2439.673812 2543.949045 2710.176951 2858.516377 2952.626372 2985.414227 2963.185610 2896.793752 2797.589121 2675.719375 2539.594377 2395.862616 2249.547526 2104.267929 1966.824132 1879.193709 
1715.047279 1797.680908 1918.439034 2040.999217 2162.810697 2280.702422 2390.494085 2486.899632 2563.449374 2612.859412 2627.397315 2600.506562 2529.502997 2420.681522 2297.277227 2206.434110 2209.524117 2342.923964 2592.758898 2953.545076 3415.393892 3239.159827 2912.757152 2681.440669 2542.955520 2492.122219 2521.103811 2592.868291 2665.585270 2712.600244 2723.247839 2697.075322 2638.744946 2554.823216 2452.056786 2336.565706 2213.509263 2086.979046 1960.106974 1838.696040 1758.511941 
1604.166179 1680.081609 1787.384461 1894.515229 2000.100094 2101.478361 2195.291093 2277.489877 2343.476779 2388.415286 2408.049778 2399.853696 2365.340087 2312.952599 2261.564858 2240.354565 2282.204511 2408.389984 2621.914654 2915.847179 3229.154763 3175.092698 3029.782338 2882.067206 2700.511789 2577.715910 2523.313607 2516.751084 2527.968162 2533.743622 2521.385699 2486.445947 2429.521931 2353.747125 2263.250619 2162.241436 2054.533076 1943.322134 1831.192888 1722.800988 1649.018870 
1503.739079 1573.905524 1670.272543 1764.997971 1857.910523 1946.829729 2029.120655 2101.706817 2161.332041 2204.874573 2229.916080 2235.900375 2225.293144 2205.404145 2189.214877 2194.774376 2240.907496 2342.017211 2505.328653 2730.209283 2985.929946 3175.187721 3527.067867 3482.852699 2984.317314 2691.993624 2538.216964 2463.183576 2424.817465 2396.407021 2362.997372 2317.677111 2258.498362 2186.303948 2103.323764 2012.269668 1915.818564 1816.380753 1715.976956 1618.068145 1549.696202 
1412.803338 1478.085754 1565.647040 1650.434447 1733.520315 1813.118980 1887.179318 1953.419982 2009.463087 2053.221876 2083.276145 2099.531651 2104.062754 2101.847223 2100.858273 2111.409949 2144.213574 2209.021559 2315.204114 2472.798583 2684.533551 2935.217732 3239.979565 3204.663319 2916.203958 2674.336174 2510.666081 2407.317909 2339.250791 2286.382663 2235.759899 2180.346706 2117.153043 2045.731315 1967.037726 1882.667822 1794.401054 1703.969013 1612.868473 1523.344209 1459.464029 
1330.368789 1391.548785 1472.076391 1548.950382 1624.460969 1697.176611 1765.519129 1827.799378 1882.292692 1927.477435 1962.396342 1986.810071 2001.941601 2010.213236 2015.629568 2022.725965 2036.307174 2062.168467 2111.293110 2204.216975 2364.589761 2594.199430 2828.351203 2864.496651 2740.692662 2586.927743 2452.111016 2346.466064 2264.075906 2195.074281 2131.084180 2066.601604 1998.713124 1926.413618 1849.870295 1769.883596 1687.547263 1604.004710 1520.304270 1437.456686 1377.253053 
1255.462716 1313.251656 1388.193906 1458.809523 1528.527074 1596.262155 1660.847042 1721.038248 1775.624903 1823.506479 1863.858260 1896.378918 1921.225692 1939.093371 1950.642359 1956.020550 1954.583893 1947.619579 1945.974149 1979.189858 2080.672082 2264.063712 2490.013351 2610.862842 2589.640923 2499.190680 2390.929364 2288.598175 2198.200513 2117.704124 2043.000502 1970.470239 1897.749258 1823.676004 1747.943523 1670.793910 1592.779640 1514.554800 1436.791816 1359.270412 1302.045159 
1187.173364 1242.195482 1312.730778 1378.405782 1443.747786 1507.993113 1570.353052 1629.996646 1686.143438 1738.103183 1785.326420 1827.526876 1864.531740 1896.011123 1920.824450 1935.970697 1935.908525 1915.521784 1884.341220 1887.813135 1946.767476 2048.399353 2282.596536 2459.998882 2494.765655 2437.181011 2341.637692 2238.832994 2141.018698 2050.779529 1966.872916 1887.147340 1809.780328 1733.583380 1657.933182 1582.660765 1507.881801 1433.862182 1360.952171 1287.722152 1232.897411 
1124.657361 1177.440481 1244.505782 1306.273481 1368.340747 1430.249502 1491.574507 1551.913889 1610.918295 1668.445789 1724.472544 1779.212455 1833.084042 1886.303952 1938.256803 1985.798326 2020.469594 2027.658068 2008.178884 2042.074575 2135.322654 2190.437205 2320.982152 2469.554931 2484.155078 2414.315077 2309.808516 2197.964764 2090.460223 1990.739611 1898.583098 1812.528074 1731.021156 1652.800718 1576.993951 1503.111660 1430.919693 1360.370244 1291.541964 1221.840060 1168.963342 
1067.147739 1118.118257 1182.427213 1241.072994 1300.688330 1361.101340 1422.269683 1484.209340 1547.140935 1611.571406 1678.411585 1749.059718 1825.723506 1911.506731 2010.708362 2128.185532 2264.889150 2404.624461 2531.159093 2508.389505 2766.047336 4360.169355 3054.588114 2776.259192 2588.887010 2434.459278 2293.268472 2162.462665 2042.599493 1933.575538 1834.260899 1743.035100 1658.264533 1578.527311 1502.740467 1430.148942 1360.242418 1292.730365 1227.471209 1160.764351 1109.498627 
1013.950217 1063.438395 1125.498486 1181.590490 1239.315173 1298.784053 1360.328922 1424.409418 1491.901734 1564.153179 1643.330464 1732.768086 1837.772115 1967.268683 2137.662967 2382.615317 2773.528668 3433.545795 4990.594770 3210.832455 4283.799214 4899.301761 6229.760081 3516.968035 2778.442238 2471.646719 2277.718431 2124.105317 1991.948824 1875.087175 1770.419212 1675.660158 1588.893514 1508.510235 1433.245909 1362.138199 1294.482732 1229.811248 1167.804282 1103.747602 1053.861060 
964.441203 1012.687187 1072.825224 1126.732841 1182.891071 1241.685983 1303.766408 1370.110726 1442.202605 1522.433705 1614.399170 1723.913251 1860.300242 2040.188738 2297.624995 2723.396564 3650.924820 6700.785833 3476.265201 4778.920108 3082.736911 5876.031297 4229.876467 3291.847931 2763.340814 2452.519219 2239.368490 2072.894396 1933.146761 1811.742019 1704.352786 1608.152823 1520.971978 1441.059943 1367.032396 1297.802729 1232.548094 1170.679577 1111.761423 1050.167124 1001.522979 
918.076381 965.229595 1023.629658 1075.539899 1130.242083 1188.355135 1250.790268 1319.010146 1395.087262 1482.392697 1586.058416 1714.401668 1880.893611 2108.139063 2434.284361 2920.828682 3644.771333 4571.597810 5544.587539 2224.137718 3156.568643 4061.361151 3656.073093 3097.380708 2679.860033 2388.803033 2174.603828 2005.087382 1863.596924 1741.663924 1634.553526 1539.187652 1453.281042 1375.046102 1303.067353 1236.211863 1173.609436 1114.614860 1058.738474 999.523320 952.059464 
874.404176 920.524503 977.241306 1027.201775 1080.377513 1137.552247 1199.860426 1269.080451 1347.829758 1440.171957 1552.585165 1695.587568 1886.923222 2157.110923 2558.104385 3165.876956 4027.685797 4993.115690 6529.498949 4256.461663 5325.289764 4288.763313 3542.628892 2965.726981 2571.358703 2294.226022 2086.701920 1921.343566 1783.359561 1664.716664 1560.729007 1468.325878 1385.279014 1309.871677 1240.730798 1176.751879 1117.095909 1061.106866 1008.275890 951.417142 905.135342 
833.044968 878.129438 933.113024 981.070080 1032.506735 1088.306940 1149.758194 1218.763319 1298.247809 1392.600626 1508.909525 1658.771614 1862.428700 2157.378162 2618.686685 3404.591820 4840.923567 8253.667000 5885.848784 4789.047761 4720.924238 3931.673120 3255.813184 2765.027655 2420.753369 2170.750103 1978.995025 1824.163323 1694.150831 1582.002908 1483.498706 1395.830913 1316.974409 1245.357212 1179.724278 1119.081841 1062.651405 1009.792075 960.021953 905.548427 860.501870 
793.694608 837.691423 890.822376 936.650682 986.062669 1039.961871 1099.677891 1167.104293 1245.099627 1337.917898 1452.181106 1598.397483 1793.854196 2067.688753 2468.770797 3072.338613 3964.191305 5170.133355 4753.944024 4225.423897 3916.340731 3369.145472 2886.779433 2516.499054 2238.839900 2026.137359 1857.004436 1717.408062 1598.639419 1495.326318 1404.034265 1322.408947 1248.713769 1181.601849 1120.007844 1063.061604 1010.057953 960.430043 913.745956 861.708939 817.975171 
756.127659 798.945023 850.081119 893.616388 940.690290 992.164597 1049.286043 1113.814512 1188.261193 1276.312140 1383.373446 1517.503822 1690.665485 1920.383833 2230.257124 2645.540465 3171.731761 3709.173914 3674.787932 3433.277949 3176.144717 2840.115277 2523.294474 2258.699948 2044.912145 1871.339077 1727.534517 1605.544058 1499.852798 1406.762039 1323.739683 1248.954601 1181.034476 1118.912777 1061.701734 1008.669273 959.230145 912.905722 869.307535 819.750354 777.418623 
720.191221 761.708367 810.695540 851.785263 896.240022 944.830574 998.643781 1059.192271 1128.525515 1209.507882 1306.099309 1423.717764 1569.450490 1752.013530 1980.014033 2256.390664 2563.547612 2826.910770 2870.447036 2769.522988 2608.613476 2405.246346 2200.172008 2014.702766 1853.974792 1716.016913 1596.889347 1492.796071 1400.698228 1318.333114 1243.997562 1176.407136 1114.573391 1057.668196 1004.992958 955.988227 910.178283 867.163341 826.616143 779.569619 738.732707 
685.770121 725.867954 772.569135 811.097114 852.711160 898.074928 948.084601 1003.929993 1067.190300 1139.892701 1224.665499 1324.757692 1443.786528 1585.130649 1750.155816 1934.267043 2119.643351 2265.141238 2312.288255 2273.148182 2181.300333 2057.764794 1924.193727 1794.520463 1674.924133 1566.924169 1469.920763 1382.606654 1303.622888 1231.764396 1166.040981 1105.654212 1049.913760 998.232188 950.116181 905.141686 862.933481 823.183439 785.622693 741.100288 701.846966 
652.798532 691.367482 735.670624 771.568317 810.214233 852.149314 898.078348 948.871277 1005.666738 1069.792335 1142.818630 1226.461059 1322.199761 1430.643816 1550.306429 1675.421915 1793.176541 1882.269277 1920.264769 1907.161932 1856.004375 1780.068164 1691.928190 1600.769750 1511.954040 1428.019480 1349.838119 1277.432725 1210.442989 1148.411822 1090.883440 1037.397289 987.542255 940.955907 897.292270 856.247815 817.555150 780.977648 746.309856 704.305176 666.706140 
621.224572 658.175014 700.019557 733.271436 768.908189 807.350832 849.123628 894.824663 945.210023 1001.091133 1063.280984 1132.518039 1209.106449 1292.435769 1380.269459 1467.739129 1546.543048 1605.504897 1634.666129 1632.407095 1603.862898 1556.326690 1497.186151 1432.450688 1366.262377 1301.137779 1238.443114 1178.785548 1122.381806 1069.243390 1019.232351 972.172571 927.874432 886.120988 846.700487 809.423029 774.099949 740.569047 708.678032 669.147841 633.253417 
591.025311 626.282963 665.653856 696.294525 728.963606 763.966111 801.671567 842.466933 886.802877 935.132329 987.776120 1044.900417 1106.235074 1170.769485 1236.372921 1299.411620 1354.658507 1395.998891 1418.442809 1420.591799 1404.515087 1374.079080 1333.622050 1287.038975 1237.354103 1186.703232 1136.451311 1087.437332 1040.153924 994.830937 951.563705 910.365692 871.179840 833.917034 798.478526 764.748243 732.618645 701.975428 672.707445 635.597580 601.450008 
562.183624 595.694572 632.618333 660.733698 690.537638 722.238559 756.085273 792.302512 831.119915 872.748731 917.221408 964.398756 1013.779605 1064.327094 1114.281599 1161.055949 1201.341601 1231.624130 1249.156854 1252.943406 1243.824887 1223.853205 1195.590300 1161.549206 1123.884192 1084.256223 1043.884331 1003.626162 964.029713 925.460604 888.138791 852.175470 817.620040 784.475473 752.710654 722.283904 693.135537 665.189161 638.396009 603.637630 571.248023 
534.679687 566.420432 600.948571 626.657871 653.753266 682.353445 712.621746 744.666286 778.564825 814.371298 851.969776 891.083264 931.153817 971.261735 1010.040208 1045.674545 1076.032019 1098.986477 1112.915289 1117.130227 1111.964307 1098.526016 1078.346446 1053.060891 1024.160414 992.915780 960.341609 927.181882 894.000172 861.194410 829.029967 797.684773 767.271855 737.845095 709.437472 682.044886 655.644328 630.217634 605.738508 573.236885 542.598296 
508.488990 538.460849 570.677208 594.126005 618.692898 644.430752 671.436435 699.737567 729.322870 760.145098 792.021662 824.630588 857.445600 889.699994 920.359711 948.149003 971.658808 989.542932 1000.785858 1004.907903 1002.029796 992.764162 978.048586 958.935107 936.471580 911.615480 885.150554 857.728361 829.856168 801.911682 774.181478 746.870419 720.117674 694.024542 668.646957 644.012259 620.147338 597.049441 574.710438 544.360319 515.446550 
483.594317 511.820401 541.824956 563.173299 585.410672 608.537619 632.602013 657.586241 683.426039 710.016508 737.153617 764.521561 791.658717 817.945347 842.600651 864.718403 883.345436 897.599204 906.810648 910.636500 909.106160 902.570598 891.602931 876.901608 859.211500 839.221799 817.561324 794.759230 771.251998 747.388934 723.445185 699.628723 676.095867 652.960744 630.296474 608.171293 586.615939 565.647583 545.276173 516.964785 489.739376 
459.953619 486.483781 514.396759 533.808174 553.914702 574.683665 596.126363 618.196358 640.802593 663.817515 687.036780 710.171919 732.833320 754.526906 774.664755 792.591989 807.647245 819.228410 826.878005 830.345058 829.620644 824.900680 816.554934 805.058307 790.925695 774.678617 756.797934 737.711295 717.790107 697.340678 676.617893 655.818792 635.095443 614.566549 594.331353 574.458307 554.990391 535.960362 517.389835 491.007849 465.420715 
437.528554 462.418225 488.367235 506.005708 524.178152 542.834122 561.951601 581.477384 601.309597 621.308569 641.285401 660.988270 680.093956 698.214061 714.901422 729.673121 742.054542 751.622981 758.054195 761.164780 760.919218 757.436919 750.961198 741.810609 730.366651 717.010398 702.114469 686.026451 669.051713 651.456653 633.463811 615.250872 596.962264 578.729611 560.649489 542.789365 525.202530 507.930719 491.011915 466.443005 442.431016 
416.288603 439.602748 463.710668 479.741423 496.166264 512.932461 530.002357 547.311888 564.760385 582.214756 599.502884 616.411335 632.675283 647.985734 661.997853 674.351739 684.697030 692.723980 698.199753 700.974831 701.014553 698.390590 693.261696 685.861331 676.464907 665.358303 652.835101 639.171184 624.616353 609.398398 593.708480 577.705772 561.535052 545.319455 529.144199 513.077143 497.181963 481.508576 466.090096 443.214782 420.709060 
396.175572 406.039568 427.878620 441.607508 455.583300 469.751817 484.056561 498.445292 512.827104 527.088991 541.093485 554.672257 567.626416 579.727412 590.729393 600.379948 608.437120 614.688280 618.967881 621.180417 621.303502 619.381060 615.525765 609.896803 602.680655 594.082013 584.307028 573.554445 562.008256 549.836201 537.182277 524.172770 510.929913 497.539046 484.071848 470.598974 457.176237 443.845269 430.644724 409.956250 400.193462 
398.483276 387.897760 400.003058 412.278775 424.720221 437.308773 449.966601 462.643840 475.276871 487.766628 499.993836 511.818209 523.071073 533.562374 543.093624 551.446663 558.410207 563.816131 567.512368 569.440200 569.560883 567.936134 564.651990 559.851049 553.684630 546.330420 537.957653 528.731205 518.802195 508.305351 497.353310 486.059653 474.516936 462.788400 450.944190 439.048550 427.140785 415.265431 403.459928 391.748512 401.150104 
