3129.135622 3605.718290 4154.099743 4786.925261 5517.622602 6359.942061 7326.654600 8427.933238 9669.050050 11047.632019 12550.510006 14151.044966 15807.437753 17463.725220 19053.897016 20508.259938 21763.033712 22767.596912 23488.845089 23910.314641 24028.242115 23847.519844 23376.937115 22626.750582 21612.613514 20362.672135 18921.728909 17349.039895 15710.929748 14071.810885 12486.709697 10997.039737 9629.531758 8397.547987 7303.733803 6343.048713 5505.539520 4778.659410 4148.873803 3602.941842 3128.245998 
3145.074550 3618.698387 4169.475822 4805.951638 5542.016215 6391.972392 7369.118421 8484.382766 9743.709350 11145.146474 12675.595993 14307.789966 15998.427038 17689.197683 19310.523648 20789.578202 22060.135252 23071.596215 23793.052150 24211.044694 24324.589846 24141.184684 23670.526411 22920.214614 21901.145299 20637.769368 19174.191455 17571.736033 15900.176987 14227.360466 12610.956498 11093.968076 9703.774316 8453.703062 7345.964283 6374.874574 5529.814691 4797.589983 4164.166180 3615.823482 3144.082442 
3191.492329 3656.375763 4214.124901 4861.375098 5613.367218 6485.938310 7494.435654 8651.992738 9966.588018 11437.906977 13053.206759 14783.450626 16580.905543 18379.129651 20097.651866 21652.240972 22968.820615 23996.853978 24713.858786 25117.505240 25214.843395 25022.732205 24555.818717 23811.809323 22783.584161 21482.073641 19949.201256 18253.838447 16477.594952 14699.693434 12986.232423 11385.088792 9925.474156 8620.432504 7470.642289 6468.340684 5600.761341 4852.743660 4208.609860 3653.281828 3190.191939 
3264.240390 3715.138854 4283.815921 4948.278862 5725.967336 6635.661764 7696.395445 8925.199441 10334.196457 11926.454715 13690.492748 15595.038692 17584.340980 19576.792521 21470.289741 23156.232989 24542.972841 25580.786202 26270.147968 26636.197603 26694.380252 26483.841181 26039.855028 25334.373958 24313.983702 22957.502450 21303.816179 19440.135519 17473.658333 15506.390491 13620.153036 11871.196099 10291.309343 8892.318051 7671.603724 6617.354958 5712.791392 4939.209438 4277.985144 3711.788953 3262.479795 
3356.695049 3789.262900 4371.643712 5058.429733 5870.381926 6830.763398 7964.119276 9294.076934 10839.906907 12610.939114 14599.512939 16772.391056 19062.207905 21362.959477 23533.195361 25415.719705 26879.026984 27874.224050 28464.660785 28753.130450 28724.114403 28467.590257 28107.631797 27540.932247 26597.455341 25186.294309 23348.462644 21214.860985 18943.939884 16678.396970 14525.373255 12552.889496 10794.898037 9259.629383 7938.136121 6811.567003 5856.566689 5048.864885 4365.408555 3785.599538 3354.416364 
3460.158069 3870.926219 4468.162472 5180.619670 6033.451698 7056.137669 8281.417873 9743.135854 11472.215536 13489.600841 15796.265462 18359.544775 21098.490853 23869.870275 26464.203187 28626.584888 30127.154091 30898.951109 31179.118391 31377.814407 31165.339483 30746.978831 30656.802983 30505.050942 29825.452132 28389.239014 26274.151306 23716.860379 20975.635687 18261.540098 15718.699318 13428.859444 11425.103903 9707.055071 8254.198011 7036.020758 6018.966076 5170.561689 4461.558934 3866.947648 3457.361968 
3564.144170 3950.609882 4561.905829 5300.802926 6198.073172 7291.446477 8625.204256 10248.542782 12210.882422 14553.148621 17293.520651 20407.205175 23799.393680 27274.766117 30511.019966 33058.931843 34429.466822 34391.236415 33580.240064 34070.555087 33519.121850 32364.802907 33203.849259 34230.416709 34274.307011 32895.764030 30353.544049 27133.676650 23679.213627 20308.273428 17213.958275 14490.234172 12161.920610 10210.985847 8596.853409 7270.456857 6182.969077 5290.327223 4554.997917 3946.396502 3560.930047 
3657.000069 4017.587977 4639.681323 5402.398782 6342.999234 7509.599284 8962.047104 10770.891839 13012.453400 15757.438056 19050.456303 22877.754047 27122.355911 31506.589976 35523.068605 38365.151315 38910.284541 36013.673513 30105.550929 33946.824403 33110.600030 28084.926004 32848.572730 37346.111498 39376.262382 38456.529393 35467.268652 31404.147460 27015.328674 22781.960322 18970.498943 15693.171207 12962.023484 10732.110864 8932.783626 7487.964471 6327.428096 5391.648809 4632.643789 4013.266600 3653.524426 
3726.603661 4060.584956 4687.522752 5466.750927 6442.276701 7673.898898 9239.455221 11234.607353 13766.312088 16934.008947 20792.993775 25295.847194 30212.519052 35036.448404 38889.918705 40420.679058 37553.112437 26463.016941 11385.670362 19187.706879 22358.314453 10808.170302 18271.086180 31874.801037 39327.120070 40990.918035 39008.222915 34994.679753 30124.828508 25204.858495 20713.004972 16868.455097 13714.585503 11194.805645 9209.484000 7651.857728 6426.500626 5455.920566 4680.536526 4056.371077 3723.127239 
3761.669278 4069.087855 4691.798403 5474.146659 6465.252065 7734.378550 9374.301919 11501.200263 14243.111151 17705.707433 21902.823573 26640.290735 31352.515883 34910.284708 35464.210583 30617.289272 20917.593789 43107.909987 14619.896190 43060.346937 46118.571324 28888.406857 50514.680255 17701.662954 21959.706146 31696.070680 35765.532125 34919.418153 31274.660063 26548.304395 21819.919671 17637.578492 14189.583562 11460.345215 9343.809843 7712.174338 6449.559543 5463.517090 4685.093888 4065.182084 3758.473618 
3753.520143 4035.045437 4641.811839 5407.768339 6382.562422 7637.327510 9268.483458 11397.442398 14156.437462 17646.266914 21847.594310 26467.928279 30711.757457 32960.308186 30320.522931 18157.716843 9550.446290 22518.587212 66448.208301 10943.714022 40323.227364 50466.820415 22160.330817 63999.514351 11259.984077 19059.816243 30593.418902 32944.875999 30614.316738 26362.868125 21756.747204 17573.599106 14100.493273 11355.466761 9237.698997 7615.295569 6367.285099 5397.678572 4635.693918 4031.711562 3750.910731 
3698.323596 3955.373682 4533.948259 5262.142056 6184.448626 7364.186053 8886.704445 10860.045085 13405.968272 16631.708926 20570.373770 25082.068440 29720.531021 33599.303756 35367.727834 33614.328464 27899.521740 17192.087780 26667.472924 23072.520987 24103.830848 23982.194393 44131.253480 26237.381841 29775.100774 33780.168524 35275.810507 33449.790714 29571.323049 24954.416053 20468.732567 16553.868937 13347.791483 10817.414571 8856.132954 7342.813528 6170.035899 5252.985255 4528.743997 3952.899399 3696.642029 
3598.364788 3833.005515 4373.452214 5047.319090 5890.632635 6953.486834 8301.981843 10019.500596 12204.056612 14957.632216 18363.407456 22448.213863 27131.486219 32165.912136 37070.685535 41026.656199 42709.683209 41188.998503 43968.507878 45081.279929 47060.415802 59053.790976 35098.519977 39589.566001 42297.478080 40691.370822 36779.397304 31926.135861 26941.214611 22301.683788 18253.268789 14876.409445 12145.092039 9977.372391 8272.491350 6933.444856 5877.624019 5039.540685 4369.531349 3831.676944 3597.908315 
3460.684519 3675.210223 4171.097610 4781.191379 5532.587359 6462.007034 7616.153896 9052.531877 10839.151360 13051.339610 15765.767415 19050.188308 22946.767995 27440.926804 32391.617667 37386.163881 41594.529506 44238.057183 46521.486215 49360.631119 43228.438738 36024.602292 42349.605155 41574.837826 40450.653135 36780.700281 31991.119131 27150.038828 22731.907103 18892.734240 15651.807568 12969.828029 10781.555635 9012.450193 7588.837560 6444.090983 5521.569165 4775.223001 4168.842952 3675.333892 3461.733718 
3294.732740 3491.228519 3939.271846 4481.693618 5137.817721 5932.903583 6897.614558 8068.335189 9486.765496 11199.773593 13259.830030 15728.705545 18686.529209 22244.424840 26532.575000 31574.245727 36930.367086 41251.007192 42067.371851 35178.093414 24245.184732 19981.143486 36287.293208 38830.592446 35828.572920 30951.122978 26106.845207 21934.271377 18461.341309 15568.038282 13146.901883 11121.272997 9432.817351 8031.849247 6873.637266 5917.921353 5129.379260 4478.004332 3938.999159 3493.092899 3297.574255 
3110.531234 3290.653742 3689.932783 4164.871162 4728.200713 5396.093218 6186.990616 7121.366462 8221.545828 9512.478058 11025.978544 12813.836310 14980.777384 17748.949196 21520.686210 26714.413801 32974.738639 37965.170203 37146.127983 22046.140548 28195.862443 13862.132868 31280.661113 35919.897313 32102.704084 26169.891752 21103.856158 17431.698602 14752.122742 12655.347874 10918.286906 9440.121505 8173.481126 7090.089104 6167.439226 5384.849423 4722.913876 4163.874700 3691.983927 3294.476123 3115.388740 
2917.393543 3082.203495 3433.799194 3844.235538 4320.957075 4873.185884 5510.223980 6240.972647 7073.586221 8016.208271 9082.544090 10309.204034 11805.141832 13862.938546 17065.989542 21843.410962 26629.319130 25886.710925 23701.996035 12276.302349 30311.561849 10336.472938 20643.602622 23663.986734 25955.963841 21382.808448 16643.520932 13528.746194 11572.853893 10156.796639 8984.281274 7953.222365 7033.651554 6216.442087 5496.154512 4866.411668 4319.356624 3846.301430 3438.439395 3088.199715 2924.358636 
2722.841312 2873.276450 3179.726137 3530.514735 3929.083529 4379.415268 4884.295043 5444.418215 6057.586825 6718.994122 7425.155683 8189.867290 9094.412558 10411.203751 12655.268086 15529.885038 14450.948884 7292.272482 22856.732010 30263.770841 11766.813691 12606.233558 24944.644543 13428.434791 14362.821309 15214.123423 12180.772495 10038.602065 8859.835087 8050.212254 7341.879109 6668.996978 6028.062999 5428.027042 4876.644847 4377.737644 3931.572247 3535.939760 3187.154044 2881.591494 2732.096030 
2532.952445 2669.574337 2934.422242 3231.609557 3561.566810 3924.691728 4319.334916 4740.743335 5179.834733 5622.727212 6052.011012 6456.175183 6863.489167 7422.670364 8318.518965 8039.593672 5840.772909 5534.510332 17054.954460 20620.932038 18235.808633 15196.114266 23293.367651 23378.679252 5347.912058 8157.757262 7676.676524 7005.825379 6646.914581 6343.754544 5991.360287 5589.613597 5162.709523 4733.579201 4318.765294 3928.566072 3568.474996 3240.601767 2944.809961 2680.328214 2544.476938 
2351.835695 2475.287833 2702.674775 2952.765039 3223.981361 3514.425347 3819.676654 4131.924183 4438.531966 4720.588291 4952.456262 5103.692303 5152.117390 5122.243579 5116.369685 4959.990024 3093.777871 9782.785614 14237.654218 15181.503900 17621.065632 13858.331818 14369.056414 12477.253509 10696.143929 1890.437229 4116.984117 4766.795803 5008.272201 5038.790006 4921.722396 4707.113136 4434.938636 4134.613596 3826.530508 3524.070960 3235.512304 2965.476432 2716.095812 2488.527809 2365.648037 
2182.188590 2293.136196 2487.439675 2697.039279 2919.074662 3150.280722 3385.021581 3614.259955 3824.352864 3995.598894 4100.317716 4101.591916 3952.875785 3605.193541 3041.234503 2423.316539 2306.232222 2246.895023 4722.810182 4676.624693 4918.343993 12836.235963 4792.698090 10817.071736 2609.004547 1536.045222 2707.391742 3497.391655 3917.302816 4091.229136 4100.732255 4001.763610 3834.239076 3626.721165 3399.296068 3165.755810 2935.230912 2713.518187 2503.946644 2308.861940 2198.250321 
2025.445804 2124.640506 2290.269920 2465.644240 2647.242492 2831.224982 3011.659293 3179.718552 3322.694701 3422.864772 3455.924647 3388.977765 3178.358335 2767.364151 2090.570291 1124.420893 567.060038 1509.976440 2449.134191 2991.191308 2628.049667 3722.849800 2872.072302 3105.224754 1852.971481 1682.584190 2281.540743 2854.405557 3227.774417 3422.464054 3482.340814 3446.243357 3344.825887 3201.362704 3033.071178 2852.360216 2667.990286 2485.883487 2309.853034 2142.864821 2043.681641 
1882.169391 1970.441420 2111.571153 2258.460674 2407.311580 2554.254531 2693.726987 2817.891219 2916.099280 2974.120717 2973.558124 2890.919792 2697.767690 2362.302516 1859.408403 1210.874488 684.349415 947.644786 1417.715968 1769.510510 2313.921791 3270.290394 2589.502832 2234.940981 1862.893512 1857.691941 2165.409406 2518.637367 2788.444787 2951.104843 3018.663364 3011.360206 2948.890772 2847.965036 2721.880184 2580.869481 2432.549611 2282.390790 2134.207138 1991.114901 1902.456936 
1752.193717 1830.527298 1950.977613 2074.455552 2197.104354 2315.366030 2424.365931 2517.686913 2586.964727 2621.914386 2610.103116 2537.746947 2391.220091 2162.445210 1861.514737 1546.289646 1359.702491 1439.887460 1713.012713 2126.173304 2904.447350 2841.325478 2424.437519 2127.657723 1946.430637 1953.301933 2112.686859 2318.420791 2494.809105 2612.536588 2668.527952 2670.463159 2629.205931 2555.536941 2458.937026 2347.258192 2226.697340 2101.985549 1976.594114 1853.569682 1774.449573 
1634.994855 1704.381951 1807.619355 1912.008069 2013.892276 2110.120692 2196.710705 2268.530187 2319.519395 2342.670204 2330.552841 2276.397055 2176.464020 2034.544270 1869.824768 1726.737811 1672.272376 1755.424334 1965.687223 2284.131336 2689.454659 2568.627254 2300.447755 2103.745705 2000.218904 1994.974040 2070.426217 2181.511269 2286.573061 2362.198661 2400.265302 2401.461444 2370.577394 2313.815653 2237.448359 2147.145439 2047.703724 1943.003292 1836.077281 1729.722669 1659.125530 
1529.807974 1591.275909 1680.280010 1769.249374 1854.772997 1934.232474 2004.318245 2061.248715 2100.638645 2118.059442 2109.474226 2072.391744 2007.890468 1923.281328 1835.691380 1773.689194 1771.558209 1853.334605 2021.371068 2262.678021 2518.140136 2468.764770 2328.202830 2198.591226 2085.374837 2032.258056 2038.044876 2079.928535 2130.779090 2171.166241 2191.019224 2187.136564 2160.394617 2113.775339 2051.079534 1976.186267 1892.655749 1803.567962 1711.456505 1618.763827 1555.642552 
1435.823944 1490.310359 1567.620931 1644.237219 1717.004169 1783.696734 1841.745856 1888.243943 1920.208659 1934.846039 1930.128822 1905.754005 1864.357196 1812.972035 1764.241355 1735.904674 1747.037862 1811.727867 1934.459165 2108.260544 2296.990288 2405.459156 2594.943371 2529.921684 2234.068166 2074.437219 2008.980492 1996.841443 2007.377789 2020.467002 2024.636982 2014.510004 1988.640627 1947.890522 1894.297912 1830.383656 1758.716254 1681.678706 1601.312841 1519.734138 1463.118734 
1352.063792 1400.504443 1468.356123 1535.151486 1598.015717 1655.113044 1704.386394 1743.651612 1770.805687 1784.028954 1782.356655 1766.244578 1738.263665 1703.810170 1671.307011 1651.541657 1655.637955 1692.916662 1769.464708 1887.038878 2036.963608 2196.640459 2382.938255 2343.923027 2165.336646 2028.857440 1950.559605 1914.897676 1902.367002 1897.440716 1889.924974 1874.116371 1847.590762 1810.030284 1762.362987 1706.162454 1643.240292 1575.381059 1504.253100 1431.611973 1380.528829 
1277.577216 1320.877704 1381.137943 1440.266496 1495.596628 1545.583261 1588.616944 1623.006476 1647.172322 1659.840493 1660.457122 1649.480945 1628.769645 1601.728660 1573.289617 1549.349585 1536.432124 1541.579139 1573.719690 1643.281336 1758.415999 1912.454051 2062.660432 2080.857567 2008.500367 1928.717203 1868.957131 1831.721151 1809.979782 1794.989190 1779.625440 1759.235453 1731.405333 1695.344321 1651.366626 1600.431955 1543.798726 1482.835870 1418.892416 1353.341827 1306.924923 
1211.538913 1250.462777 1304.766796 1358.029299 1407.752966 1452.715184 1491.588385 1523.002202 1545.693972 1558.722540 1561.565206 1554.439578 1538.259228 1514.613343 1485.455232 1452.799373 1419.214917 1390.711437 1380.565930 1406.996341 1487.093051 1621.424494 1772.278718 1852.741681 1853.746650 1821.565266 1784.523251 1753.660583 1729.843818 1709.719594 1689.226596 1665.196018 1635.714900 1599.981878 1558.048162 1510.505143 1458.263429 1402.382062 1343.919100 1283.890561 1241.316419 
1153.000706 1188.375960 1238.126660 1287.023841 1332.824738 1374.529331 1410.995693 1441.128556 1463.918124 1478.500962 1484.469974 1481.707915 1470.464678 1450.965404 1422.686496 1383.879557 1332.109515 1271.210617 1224.695596 1221.831467 1276.506108 1378.720481 1551.306922 1680.007621 1729.095914 1729.607757 1710.394776 1686.512655 1663.052105 1640.073141 1615.865244 1588.649661 1557.176317 1520.851573 1479.676915 1434.081826 1384.743765 1332.471895 1278.070271 1222.264346 1182.831269 
1101.210713 1133.728571 1180.119938 1226.004551 1269.337028 1309.296476 1344.982881 1375.468489 1399.954850 1417.808368 1428.627714 1432.428548 1429.198435 1418.842445 1399.845430 1366.849102 1308.962868 1220.178791 1146.436156 1145.856046 1210.139383 1256.089208 1447.283158 1592.845719 1654.061847 1665.488391 1654.111805 1633.835880 1610.291272 1584.898114 1557.360040 1526.960750 1493.067508 1455.381973 1413.986771 1369.210780 1321.564409 1271.680952 1220.181079 1167.534297 1130.587802 
1055.480144 1085.718599 1129.776420 1173.806061 1215.939456 1255.559225 1291.919004 1324.379079 1352.341813 1375.471745 1393.660676 1407.181204 1416.973391 1424.304508 1430.194310 1429.846762 1401.448189 1306.869822 1221.882062 1214.190145 1350.537868 1860.823870 1643.914769 1649.524382 1644.856948 1634.519958 1617.970576 1596.346827 1571.007760 1542.716205 1511.704829 1477.887639 1441.125328 1401.443503 1359.004745 1314.097602 1267.165040 1218.697548 1169.181791 1118.812553 1083.783370 
1015.000106 1043.570173 1086.205839 1129.366344 1171.421192 1211.919622 1250.347649 1286.346890 1319.715512 1350.326732 1378.654046 1405.626391 1433.602105 1467.784538 1517.534168 1594.906640 1687.988323 1698.237754 1934.691202 1396.930141 1865.432383 2305.683492 2833.253404 1894.784968 1685.358215 1625.798238 1596.833521 1571.281872 1543.140420 1511.578539 1476.855833 1439.327615 1399.317121 1357.092021 1312.931540 1267.164159 1220.189466 1172.368378 1124.099393 1075.272685 1041.657172 
979.123542 1006.504310 1048.492967 1091.666135 1134.596621 1177.038582 1218.848945 1259.953481 1300.547984 1341.107410 1382.465871 1426.372799 1476.196300 1539.798849 1636.891022 1819.250395 2202.806865 2943.604671 986.259232 1905.289715 1384.367552 2418.247327 1982.306519 1756.031572 1651.906453 1607.113550 1580.007889 1553.834986 1523.719319 1489.108314 1450.698516 1409.365019 1365.809426 1320.604024 1274.203794 1227.009434 1179.383261 1131.605126 1083.995451 1036.121322 1003.501793 
947.161344 973.809123 1015.788180 1059.669111 1104.270502 1149.632723 1195.942551 1243.599712 1293.337979 1346.297281 1404.084584 1468.967841 1543.706523 1630.463924 1727.822511 1823.690059 1902.063085 1826.858200 1734.988503 833.488643 1221.614306 1601.893725 1660.590502 1635.733536 1607.025121 1585.949201 1566.034146 1541.553056 1510.542787 1473.430595 1431.562154 1386.339538 1338.985629 1290.446209 1241.385815 1192.325435 1143.578747 1095.396073 1047.991275 1000.636236 968.683426 
918.445479 944.774985 987.242767 1032.378128 1079.279653 1128.321580 1180.082232 1235.569306 1296.212844 1364.213720 1442.696004 1535.965513 1648.875567 1782.374882 1916.613396 1963.239300 1806.978907 1667.419336 1762.385972 893.247097 1189.329633 1422.659589 1521.823144 1576.331876 1582.778063 1573.626861 1557.864604 1534.669652 1503.025357 1463.629794 1418.233590 1368.896578 1317.435744 1265.212115 1213.173493 1161.903653 1111.708034 1062.807770 1015.292731 968.153436 936.570743 
892.354101 918.693628 962.008779 1008.801766 1058.446212 1111.691616 1169.625617 1233.862004 1306.839732 1392.239797 1496.002128 1628.077549 1806.640912 2066.237568 2454.181309 3050.491477 2118.334359 1743.388089 1088.923406 781.746186 1048.948893 1305.441699 1433.921184 1582.712740 1590.548372 1575.392032 1557.833866 1534.366636 1501.579419 1459.372817 1409.876690 1355.872866 1299.839746 1243.596573 1188.299857 1134.587840 1082.767050 1032.965285 985.159701 938.019105 906.579153 
868.344568 894.889153 939.289878 987.939907 1040.576239 1098.323554 1162.793677 1236.290629 1322.319746 1426.334649 1557.609800 1734.452851 2003.798926 2534.156624 4129.298163 2923.878725 671.914346 1002.343036 664.377716 1019.993837 1288.388346 1248.356550 1746.375357 1691.287992 1621.778692 1585.003264 1564.683382 1541.153458 1506.519354 1460.316967 1405.543131 1345.983742 1284.820877 1224.227100 1165.503599 1109.284202 1055.801196 1005.052480 956.885913 909.654167 878.215354 
845.815508 872.762021 918.298600 968.860025 1024.528910 1086.808246 1157.816239 1240.580426 1339.623001 1461.789955 1617.953949 1825.960466 2116.495024 2534.511413 3043.631743 3020.986642 612.703337 673.661037 1123.416890 1133.976572 1180.051267 1213.364756 1430.761410 1528.165638 1564.059953 1577.835854 1575.697897 1555.803106 1518.006533 1465.581890 1403.767207 1337.582182 1270.760337 1205.656582 1143.553288 1084.943521 1029.920490 978.308480 929.840801 882.546311 851.024092 
824.218927 851.681569 898.313551 950.668781 1009.211919 1075.757302 1152.995779 1244.665056 1356.317012 1496.191701 1676.333998 1913.428094 2225.056036 2604.284527 2915.742741 2626.568957 359.235228 1289.976054 1042.167542 990.660530 947.506391 997.452728 1180.509089 1380.761906 1526.040603 1594.814307 1607.690306 1584.502443 1537.036193 1473.956930 1402.630781 1328.709595 1255.934279 1186.464716 1121.271263 1060.597613 1004.321121 952.079742 903.497819 856.253892 824.615902 
803.089391 831.101398 878.672051 932.552448 993.552788 1063.894215 1146.715334 1246.598618 1370.321314 1528.235431 1735.873536 2016.155574 2400.138575 2935.169021 3876.514520 2174.707938 1251.223573 1040.252733 891.097574 833.320136 797.291014 743.287210 987.925895 1350.322362 1598.396628 1689.313599 1685.739284 1636.293163 1565.227979 1484.245210 1400.206604 1317.521467 1238.822926 1165.416447 1097.669840 1035.460962 978.364219 925.859080 877.424915 830.406388 798.684778 
782.071307 810.586190 858.784026 913.779248 976.661277 1050.006054 1137.409791 1244.273972 1378.922722 1554.623421 1793.301477 2131.183524 2619.220271 3257.301638 3746.706532 2608.770864 1014.086776 1746.805455 869.709559 754.899743 729.703097 548.272312 955.626502 1609.824614 1901.495215 1921.651044 1833.190099 1717.688953 1602.828829 1494.864669 1394.717838 1302.519792 1218.228749 1141.568674 1072.023916 1008.941337 951.587080 899.256105 851.263894 804.721601 772.991255 
760.756039 789.738628 838.197046 893.738947 957.760986 1033.034574 1123.558081 1235.405324 1378.289244 1568.444551 1835.035225 2232.254367 2850.811046 3711.569609 4143.960828 2000.466071 1611.006308 1174.070550 822.797615 762.538463 888.084816 1395.901742 1393.340065 2511.886464 2555.668028 2312.212202 2041.053044 1816.976401 1641.655182 1500.997743 1383.449332 1282.117765 1193.162788 1114.273288 1043.857526 980.678424 923.683367 871.969989 824.793109 779.016597 747.382387 
738.960959 768.260063 816.519663 871.979152 936.219994 1012.136008 1103.887417 1217.903116 1364.554889 1561.723199 1844.236180 2292.709452 3150.558488 5428.669069 3887.108469 1044.000026 2040.536960 1474.310052 985.606227 863.265444 1112.669968 1830.838503 557.759962 3233.990025 3120.268851 2657.599735 2212.943495 1889.252275 1661.386749 1493.628815 1362.422619 1254.554429 1162.824021 1083.131578 1012.940086 950.497825 894.482793 843.893350 797.910845 753.169513 721.769688 
716.511437 745.984072 793.562626 848.237589 911.707150 986.837097 1077.723977 1190.617257 1335.380399 1528.346067 1798.317837 2199.663467 2841.716644 3946.151763 5930.851583 3478.847382 2629.542052 2514.251091 1595.448521 1177.784335 1334.167292 1810.214480 3126.025066 3564.977527 3234.844593 2715.040384 2233.805348 1886.123175 1642.058620 1464.496570 1328.273337 1218.526187 1126.766594 1048.034075 979.258628 918.394725 864.012316 815.022544 770.562122 727.142092 696.148343 
693.396948 722.817484 769.232884 822.433678 884.179977 957.153481 1045.133375 1153.881130 1292.105564 1473.595304 1720.613647 2068.987566 2571.045555 3272.546366 4071.953938 4445.405142 3673.133677 2825.045878 3623.503262 2013.367752 2035.153503 3748.030450 4280.888544 3665.029683 3074.480131 2544.948294 2122.567058 1810.421186 1582.670427 1412.565493 1280.553167 1174.020669 1085.189962 1009.215046 943.027251 884.579433 832.407881 785.423018 742.803241 700.978262 670.546412 
669.679854 698.798616 743.584707 794.698369 853.844116 923.431695 1006.817845 1108.989698 1237.334655 1403.248041 1624.920063 1932.281874 2375.802632 3038.042361 4012.340719 5436.540015 3966.475377 2944.065891 2995.188904 2493.170681 2525.525317 3181.767706 3447.673368 3118.120785 2673.677350 2272.379112 1945.234699 1690.718700 1495.067973 1342.917457 1221.696571 1122.411767 1038.953460 967.280299 904.718660 849.368750 799.881318 755.271475 714.762646 674.735119 645.013759 
645.415488 674.029092 716.806239 765.300847 821.128657 886.376270 963.848932 1057.671073 1173.761323 1321.096219 1513.793154 1775.492079 2149.973681 2732.587318 3797.755294 6625.480294 3567.519516 5497.922829 3071.897687 2549.910667 2489.010512 2685.204445 2741.140945 2545.522161 2265.296448 1990.508011 1751.311721 1553.510265 1393.019931 1262.690138 1155.529791 1065.833698 989.359333 923.112761 864.907272 813.163649 766.751141 724.783796 686.560532 648.504051 619.659273 
620.797502 648.672593 689.125899 734.619190 786.623390 846.857479 917.563640 1001.944054 1104.477865 1231.578848 1392.960303 1603.854547 1889.908684 2298.602812 2930.253391 4050.490254 7093.599223 3651.170126 2710.025444 2355.414420 2250.146504 2260.645214 2230.140788 2102.668571 1924.874368 1739.036202 1566.697390 1415.801715 1287.121876 1178.255813 1085.825334 1006.592243 937.908875 877.670301 824.247245 776.453758 733.343112 694.172914 658.370930 622.425407 594.585477 
596.034635 622.961376 660.868024 703.106828 750.980622 805.831089 869.388875 943.970530 1032.694924 1139.775763 1271.064315 1434.743465 1642.456496 1910.879417 2263.627530 2731.510901 3299.839847 2644.350795 2262.361529 2062.083418 1968.346598 1924.534109 1869.457248 1776.336973 1656.181508 1526.967475 1401.492243 1286.410499 1184.047916 1094.244823 1015.687398 946.781876 885.970364 831.878039 783.419803 739.698753 699.981463 663.701748 630.394642 596.625957 569.901271 
571.253957 597.125452 632.373295 671.228535 714.853967 764.256781 820.673356 885.689065 961.320484 1050.031394 1154.927548 1279.622247 1428.006425 1603.017062 1803.076382 2011.220757 2158.783257 2022.360433 1878.103524 1774.111756 1706.492794 1656.949544 1602.418875 1530.881254 1444.531743 1351.051804 1257.610717 1168.928324 1087.352851 1013.571598 947.341400 887.988581 834.665358 786.576964 743.008532 703.321308 667.001237 633.619738 602.796688 571.228368 545.708418 
546.720572 570.846935 603.349157 638.755547 678.099997 722.092440 771.576034 827.535290 891.140961 963.639296 1046.367569 1140.399317 1246.111635 1361.926868 1481.683948 1589.223617 1650.840357 1622.945451 1566.120388 1510.608467 1463.515568 1420.549894 1373.547759 1317.676725 1253.570476 1184.822497 1115.332222 1048.009160 984.561514 925.748111 871.719497 822.264909 777.021638 735.580335 697.518964 662.456369 630.060930 600.029902 572.095298 543.100652 522.112501 
526.154810 548.401774 578.263836 611.066273 647.237564 687.399837 732.164484 782.307170 838.658774 902.106675 973.459646 1053.339918 1141.533073 1236.278876 1332.011077 1415.741877 1464.490893 1458.171235 1423.102438 1381.101546 1340.166816 1299.350143 1254.517335 1203.285816 1146.533165 1086.966184 1027.369173 969.738052 915.230248 864.345699 817.182986 773.603447 733.372078 696.197759 661.786891 629.869797 600.195053 572.528366 546.669652 522.446779 508.567608 
