3132.908437 3609.853759 4158.813599 4792.272470 5523.721119 6366.884035 7334.552760 8436.836968 9679.051071 11058.983728 12563.283189 14165.330878 15823.404297 17481.674193 19073.665714 20530.024611 21786.529217 22792.681430 23515.268375 23937.528353 24055.747662 23874.831953 23403.494759 22652.088425 21636.388868 20384.666577 18941.830486 17367.246531 15727.332912 14086.526350 12499.874685 11008.801647 9640.023336 8406.904852 7312.084238 6350.503345 5512.188715 4784.584145 4154.147946 3607.621650 3132.481657 
3148.843045 3622.836430 4174.197792 4811.332080 5548.163865 6398.951146 7377.040990 8493.312097 9753.809202 11156.539537 12688.438422 14322.175791 16014.648451 17707.276417 19330.575264 20811.592185 22084.021117 23097.154666 23819.937050 24238.804771 24352.688017 24169.049367 23697.597286 22946.005648 21925.299309 20660.070805 19194.543756 17590.150839 15916.742273 14242.202511 12624.221463 11105.806706 9714.325035 8463.106269 7354.352300 6382.357074 5536.486742 4803.537504 4169.461637 3620.526621 3148.322166 
3195.245653 3660.520113 4218.912997 4866.869160 5619.603453 6493.017895 7502.434936 8661.062861 9976.836511 11449.497029 13066.270504 14798.274633 16597.596946 18397.782464 20118.461486 21675.197317 22993.898587 24023.815436 24742.319074 25146.979281 25244.714112 25052.326251 24584.498378 23839.018849 22808.930436 21505.336522 19970.319252 18272.852849 16494.614405 14714.874512 12999.750227 11397.116465 9936.175052 8629.958127 7479.128603 6475.908536 5607.507652 4858.763402 4213.974087 3658.047879 3194.451907 
3267.962712 3719.343554 4288.764939 4953.903234 5732.331628 6642.881431 7704.568264 8934.446373 10344.704768 11938.363526 13704.054135 15610.445058 17601.736376 19596.471819 21492.404145 23180.887170 24570.125152 25610.245570 26301.480659 26668.768883 26727.453462 26516.599058 26071.467099 25364.142762 24341.439130 22982.431970 21326.217714 19460.123520 17491.408875 15522.116013 13634.073740 11883.524210 10302.238368 8902.018095 7680.226182 6625.038139 5719.639186 4945.322169 4283.441812 3716.629431 3266.793038 
3360.414134 3793.576886 4376.746404 5064.199775 5876.926431 6838.181200 7972.507569 9303.609279 10850.771663 12623.325469 14613.680212 16788.525655 19080.735677 21384.064906 23557.201165 25442.827638 26909.366242 27907.620742 28500.547392 28790.657629 28762.364380 28505.466656 28143.919300 27574.666244 26628.085998 25213.674732 23372.713167 21236.222467 18962.706249 16694.875198 14539.853744 12565.637339 10806.146164 9269.571675 7946.949573 6819.404220 5863.546585 5055.087603 4370.970270 3790.514004 3358.807276 
3463.901754 3875.329725 4473.416145 5186.572346 6040.204541 7063.785517 8290.077016 9753.029622 11483.476985 13502.550764 15811.105586 18376.783488 21118.342763 23892.794645 26490.706210 28657.155357 30162.135624 30938.305753 31222.100476 31422.920884 31211.516847 30792.810074 30700.222562 30544.617245 29860.549337 28419.933940 26300.830117 23739.993058 20995.690916 18278.952012 15733.854377 13442.099953 11436.717738 9717.278222 8263.234983 7044.042519 6026.106218 5176.927097 4467.251539 3871.971071 3461.846269 
3567.925120 3955.104936 4567.340926 5306.968613 6205.051888 7299.317946 8634.194046 10258.767378 12222.600823 14566.681078 17309.308529 20425.508555 23820.769505 27299.948685 30540.749808 33094.036552 34470.890334 34439.593758 33634.633673 34126.989418 33577.223620 32423.237664 33257.979580 34278.176347 34315.291064 32930.627541 30383.177868 27158.913709 23700.766130 20326.746950 17229.865460 14504.010267 12173.921240 10221.501284 8606.121922 7278.674444 6190.279018 5296.849942 4560.836916 3951.564833 3565.543808 
3660.829844 4022.205167 4645.341417 5408.787170 6350.177396 7517.753480 8971.320092 10781.454660 13024.653780 15771.656159 19066.990086 22897.200351 27145.587493 31534.406640 35556.520471 38405.746490 38960.171114 36075.696448 30181.551656 34019.630045 33185.387682 28164.785210 32917.969839 37404.329986 39424.222393 38496.189439 35500.271020 31431.745689 27038.513041 22801.546904 18987.167113 15707.473679 12974.396684 10742.901927 8942.272150 7496.364815 6334.902909 5398.325473 4638.632238 4018.589942 3658.322445 
3730.530698 4065.362625 4693.391543 5473.325514 6449.686719 7682.292737 9248.960161 11245.518451 13778.921994 16948.633892 20810.228407 25316.556757 30237.586093 35067.052890 38927.731607 40467.717790 37611.676643 26535.318906 11268.324894 19273.782199 22431.888763 10712.494474 18341.987989 31940.346867 39381.646292 41035.918647 39045.080573 35024.831979 30149.629424 25225.449110 20730.294449 16883.156550 13727.236846 11205.809510 9219.153160 7660.417786 6434.124560 5462.741649 4686.668147 4061.857372 3728.126856 
3765.736643 4074.013358 4697.843644 5480.912318 6472.860977 7742.948316 9384.029042 11512.309460 14255.840386 17720.542117 21920.466235 26661.625425 31378.776806 34943.562611 35507.514229 30673.028627 20960.169726 43009.590060 14616.591445 42979.689584 46061.994610 28850.513138 50392.009455 17655.922021 22012.904311 31748.730665 35807.082060 34951.850440 31300.468766 26569.311718 21837.382494 17652.366975 14202.300460 11471.426992 9353.572092 7720.840854 6457.304336 5470.468638 4691.358849 4070.851196 3763.718969 
3757.723324 4040.121854 4648.037119 5414.713861 6390.333392 7646.059429 9278.322997 11408.535162 14169.057237 17660.850260 21864.694984 26488.291637 30736.740200 32992.104516 30362.886433 18216.408519 9463.677758 22453.044901 66388.853297 10936.464218 40309.107763 50448.538669 22118.302846 63889.153378 11180.053756 19113.221028 30633.336036 32975.343019 30638.521668 26382.732095 21773.463871 17587.937035 14112.974516 11366.459129 9247.456296 7624.014120 6375.120933 5404.736798 4642.074565 4037.566351 3756.429387 
3702.714030 3960.617007 4540.330056 5269.240314 6192.364760 7373.027432 8896.543627 10870.993881 13418.261925 16645.550431 20586.019482 25099.898524 29740.928164 33622.726361 35394.106223 33640.890044 27917.495921 17202.086026 26646.418339 23036.124788 24102.274224 23991.900656 44078.825236 26200.798156 29777.936766 33802.074954 35299.899861 33471.800349 29590.741887 24971.508238 20483.843735 16567.298486 13359.791735 10828.167524 8865.794962 7351.539984 6177.931015 5260.127964 4535.231029 3958.952220 3702.462757 
3602.957669 3838.407740 4379.976935 5054.573182 5898.681480 6962.375372 8311.763564 10030.278226 12215.927227 14970.647860 18377.521945 22463.356821 27147.458063 32182.275160 37086.791415 41041.876844 42724.488890 41205.477439 43973.672495 45073.995096 47056.861959 59027.049676 35095.746302 39593.282172 42305.758048 40703.390684 36793.561171 31941.086860 26956.076463 22315.955859 18266.686459 14888.855436 12156.544232 9987.841903 8282.040206 6942.156519 5885.547672 5046.749598 4376.110481 3837.935541 3604.074204 
3465.478163 3680.775447 4177.780972 4788.580011 5540.716356 6470.916969 7625.865509 9063.157556 10850.653450 13063.636232 15778.692801 19063.384200 22959.680855 27452.819659 32401.618492 37393.753452 41599.792080 44240.541206 46514.302795 49330.095339 43209.402792 36029.857497 42324.835722 41572.481367 40452.968218 36786.181911 31999.475163 27160.543196 22743.658585 18904.958861 15663.920665 12981.467449 10792.527065 9022.651233 7598.265400 6452.764876 5529.509605 4782.492832 4175.496638 3681.799200 3468.270547 
3299.776049 3497.002821 3946.079369 4489.174311 5146.012316 5941.799924 6907.282894 8078.779750 9497.931508 11211.464486 13271.770680 15740.280487 18696.935805 22252.454600 26536.912984 31573.830819 36925.152687 41241.909484 42055.491146 35162.954188 24218.022193 20006.380937 36280.634926 38821.730165 35822.312710 30949.284208 26109.703978 21940.946190 18470.545731 15578.590099 13157.927035 11132.226824 9443.366350 8041.815607 6882.951223 5926.546562 5137.334504 4485.322036 3945.712638 3499.772638 3304.497474 
3115.900444 3296.620908 3696.835373 4172.438652 4736.440619 5405.005160 6196.611031 7131.670169 8232.421459 9523.666371 11036.983851 12823.929836 14988.654264 17752.771573 21518.167481 26703.831131 32955.951684 37940.494618 37123.671213 22045.731037 28185.001582 13886.883328 31261.770377 35897.551874 32084.148797 26158.322292 21099.941989 17434.109563 14758.748661 12664.331652 10928.352310 9450.475598 8183.666491 7099.853256 6176.643043 5393.438405 4730.883664 4171.222806 3698.746422 3301.379196 3122.736520 
2923.027196 3088.354386 3440.807765 3851.886162 4329.245021 4882.121808 5519.818048 6251.216410 7084.220976 8026.978847 9092.801716 10317.950763 11810.538007 13862.098862 17055.200714 21819.788586 26591.598213 25837.300139 23710.229106 12304.425518 30332.472246 10341.244536 20699.799294 23626.016295 25920.722111 21358.617886 16631.260667 13526.405938 11576.959661 10164.412832 8993.553571 7963.103771 7043.559847 6226.048369 5505.286368 4874.989828 4327.341695 3853.684984 3445.256800 3095.323880 2932.123519 
2728.762226 2879.613918 3186.813157 3538.234557 3937.423442 4388.388157 4893.947323 5454.615115 6068.113647 6729.452049 7434.942763 8197.643425 9097.894944 10406.254397 12636.592210 15492.384428 14386.937608 7311.648473 22898.606111 30278.419258 11765.548164 12606.233558 25006.946841 13501.345376 14307.431773 15176.362729 12160.242087 10032.087031 8862.057944 8056.924482 7350.666878 6678.602578 6037.808947 5437.551917 4885.748608 4386.315131 3939.576176 3543.366228 3194.015459 2888.938368 2740.310929 
2539.200786 2676.090620 2941.585688 3239.376831 3569.963020 3933.758680 4329.065727 4750.947425 5190.337654 5633.124147 6061.652992 6463.729007 6866.348555 7416.223173 8296.420857 7994.813664 5951.546613 5485.892228 17070.537974 20639.691270 18244.212627 15197.527618 23334.268971 23469.444370 5297.052033 8108.833494 7651.674249 6998.090784 6648.859856 6350.361309 6000.073984 5599.159849 5172.420096 4743.102182 4327.887264 3937.172678 3576.523002 3248.074711 2951.710166 2687.920967 2553.178567 
2358.373785 2481.991958 2709.900351 2960.614842 3232.493934 3523.609655 3829.493879 4142.227690 4449.102640 4731.146300 4962.326058 5111.755797 5156.045613 5117.686239 5096.347719 4918.082824 3029.773174 9845.073406 14263.921396 15227.446086 17636.191207 13890.595580 14418.147497 12528.589672 10795.760847 1853.656057 4098.749718 4763.068735 5012.045856 5046.190176 4930.803798 4716.852778 4444.780403 4144.239339 3835.732318 3532.754315 3243.629372 2973.010702 2723.055009 2496.368350 2374.818156 
2189.001537 2299.991113 2494.729681 2705.001971 2927.716290 3159.617171 3394.990207 3624.718139 3835.133567 4006.450428 4110.765090 4110.736382 3959.245134 3605.610102 3029.254411 2388.582115 2255.482707 2201.310687 4697.273561 4661.048292 4924.901086 12891.123356 4837.426890 10900.307966 2663.293236 1538.957982 2705.160421 3500.490915 3924.048474 4100.009842 4110.511539 4011.888551 3844.323320 3636.507400 3408.625817 3174.544992 2943.445000 2721.139446 2510.969882 2316.944021 2207.884770 
2032.534625 2131.652621 2297.635633 2473.724166 2656.024027 2840.717723 3021.801326 3190.382537 3333.772264 3434.132949 3467.084594 3399.570308 3187.591112 2773.951171 2092.074226 1113.499389 529.408465 1497.006100 2437.995210 2980.069466 2631.694285 3759.889536 2905.894238 3150.040974 1890.122493 1702.037047 2291.696050 2863.440514 3237.407355 3432.734217 3492.945112 3456.874530 3355.252292 3211.399372 3042.592534 2861.310442 2676.331366 2493.591667 2316.929443 2151.192161 2053.810128 
1889.499377 1977.627322 2119.040673 2266.667641 2416.248062 2563.925751 2704.058868 2828.816763 2927.490544 2985.881333 2985.467390 2902.833509 2709.455845 2373.911449 1871.836515 1228.062652 718.776854 981.071687 1443.693170 1791.039154 2341.878409 3310.407252 2627.710263 2271.942283 1894.525484 1880.130640 2181.003556 2531.426110 2800.379817 2962.798998 3030.179857 3022.610235 2959.758047 2858.325132 2731.663575 2590.030798 2441.042398 2290.209451 2141.340496 1999.702392 1913.091353 
1759.800643 1837.887112 1958.555213 2082.801169 2206.204308 2325.227195 2434.947219 2528.910280 2598.749093 2634.157544 2622.721749 2550.681750 2404.672717 2176.909940 1878.268356 1567.947120 1388.771444 1474.013346 1747.880962 2161.329885 2945.527277 2879.945155 2459.377995 2159.491407 1974.127131 1975.597884 2130.445029 2333.507898 2508.535874 2625.508253 2680.955983 2682.395929 2640.593890 2566.305840 2469.041807 2356.645507 2235.349004 2109.894614 1983.781662 1862.422918 1785.581688 
1642.895725 1711.948342 1815.314112 1920.479269 2023.165219 2120.220516 2207.582510 2280.088901 2331.741049 2355.404254 2343.804476 2290.156881 2190.988701 2050.210346 1887.581403 1747.872596 1697.695360 1784.510057 1997.259815 2317.954314 2726.645988 2602.868669 2331.699240 2132.898955 2026.612254 2017.709297 2089.734841 2198.351153 2301.823074 2376.391485 2413.660911 2414.146825 2382.535416 2325.022366 2247.879542 2156.774037 2056.522811 1951.028464 1843.337145 1738.838838 1670.755374 
1538.043735 1599.059727 1688.078350 1777.871948 1864.266260 1944.612700 2015.531147 2073.223965 2113.309939 2131.357691 2123.317824 2086.856746 2023.007996 1939.452780 1853.395395 1793.582142 1794.044180 1878.538007 2049.023734 2293.176924 2551.992593 2502.583432 2362.236906 2231.962186 2114.790118 2057.313386 2059.416061 2098.618977 2147.602121 2186.644725 2205.445829 2200.633665 2172.995383 2125.487303 2061.889176 1986.087778 1901.664731 1811.709670 1718.768966 1628.147124 1567.762791 
1444.357026 1498.294638 1575.549378 1653.053741 1726.759624 1794.407960 1853.348136 1900.699339 1933.453512 1948.752150 1944.647723 1920.873012 1880.081158 1829.425023 1781.695894 1754.625488 1767.293294 1833.622514 1958.281411 2134.632379 2327.129665 2440.388100 2639.520524 2576.347769 2269.790622 2102.973754 2032.772622 2017.457609 2025.811518 2037.309348 2040.194225 2028.918400 2001.960121 1960.146473 1905.507676 1840.574748 1767.915967 1689.922806 1608.689240 1529.358607 1475.677724 
1360.759748 1408.645554 1476.407282 1544.184804 1608.085899 1666.192364 1716.462045 1756.689298 1784.682271 1798.684050 1797.708732 1782.165567 1754.735442 1720.763704 1688.791160 1669.579262 1674.273287 1712.189018 1789.778160 1909.213240 2062.512098 2227.557784 2421.045308 2383.174806 2199.577834 2058.119200 1975.844801 1937.207487 1922.436134 1915.723290 1906.680604 1889.494810 1861.672485 1822.859805 1773.989770 1716.628739 1652.592550 1583.719884 1511.662699 1441.458514 1393.553481 
1286.412806 1329.112764 1389.287828 1449.503826 1505.954260 1557.087808 1601.232871 1636.701393 1661.847430 1675.424220 1676.831016 1666.564392 1646.328447 1619.692114 1591.421204 1567.526415 1554.424532 1559.331572 1591.388799 1661.806033 1779.565474 1938.242697 2093.752240 2114.040595 2040.320512 1957.948962 1895.398948 1855.613114 1831.658708 1814.730136 1797.621636 1775.620798 1746.259199 1708.743498 1663.394519 1611.151603 1553.313224 1491.271391 1426.302920 1363.372526 1320.337110 
1220.418666 1258.774102 1313.002691 1367.424325 1418.415360 1464.632845 1504.782755 1537.439549 1561.307963 1575.449894 1579.310825 1573.037865 1557.529790 1534.258135 1505.263985 1472.381488 1438.153355 1408.573122 1397.468015 1423.740673 1505.401545 1643.380192 1799.174591 1883.104844 1884.716926 1851.362540 1812.345880 1779.267074 1753.241467 1731.001175 1708.519554 1682.613516 1651.338967 1613.926007 1570.420376 1521.423934 1467.894137 1410.834644 1351.253417 1294.061262 1255.083200 
1161.890602 1196.702653 1246.393145 1296.580671 1343.744438 1386.858191 1424.789552 1456.390202 1480.601085 1496.596557 1503.948396 1502.354770 1492.072150 1473.292960 1445.556052 1406.745974 1354.332267 1292.174279 1244.262147 1240.993402 1296.691569 1400.919777 1577.833407 1710.439546 1760.994286 1760.998730 1740.136493 1714.094626 1688.299360 1662.957862 1636.453375 1607.029961 1573.473767 1535.243208 1492.320844 1445.156261 1394.418952 1340.838151 1285.268121 1232.510996 1196.852403 
1110.048802 1142.009718 1188.385071 1235.642587 1280.481277 1322.022482 1359.380787 1391.582192 1417.852196 1437.558684 1450.175253 1455.594463 1453.946411 1445.123200 1427.422043 1395.476281 1337.979813 1248.854192 1174.494169 1174.088998 1240.722296 1289.727815 1479.890056 1627.272918 1688.977045 1699.509134 1686.320197 1663.685407 1637.488878 1609.362628 1579.157477 1546.201710 1509.939126 1470.111685 1426.777031 1380.289361 1331.113782 1279.850073 1227.178705 1177.783645 1144.804246 
1064.147321 1093.890570 1137.963588 1183.475336 1227.233941 1268.615083 1306.874117 1341.400124 1371.576563 1397.036389 1417.562221 1433.467157 1445.673805 1455.728350 1464.370555 1467.200164 1442.200598 1350.260301 1267.663368 1257.242232 1399.185120 1953.136998 1697.073225 1693.818561 1685.278915 1672.322918 1653.152752 1628.633711 1600.170348 1568.686371 1534.544325 1497.767967 1458.344958 1416.284970 1371.736548 1325.009310 1276.467877 1226.609222 1175.909066 1128.980334 1098.097959 
1023.352845 1051.511715 1094.219944 1138.952481 1182.765267 1225.184459 1265.804133 1304.256892 1340.299908 1373.844911 1405.190109 1435.455342 1467.113205 1505.260652 1560.064919 1644.151459 1745.927634 1766.531825 2024.097009 1452.536751 1935.190099 2385.214543 2945.957513 1955.521979 1732.480052 1667.668168 1635.077336 1605.948379 1574.047275 1538.701754 1500.356093 1459.524739 1416.581859 1371.758706 1325.370448 1277.710861 1229.091460 1179.889219 1130.426630 1085.251260 1055.969171 
987.014830 1014.071876 1056.208667 1101.013068 1145.793741 1190.380163 1234.658595 1278.604733 1322.448824 1366.565152 1411.875568 1460.185631 1514.984557 1584.179883 1688.380859 1881.225415 2283.087075 3059.760462 1017.094940 1968.269440 1420.026384 2499.553566 2049.374966 1812.605195 1701.623342 1652.180346 1620.939057 1590.488060 1555.922120 1516.917113 1474.408256 1429.411008 1382.657906 1334.723321 1286.058602 1236.952567 1187.705981 1138.586204 1089.802646 1045.815862 1017.704926 
954.385983 980.854185 1023.017109 1068.571791 1115.136691 1162.799011 1211.848880 1262.796969 1316.327651 1373.621441 1436.473100 1507.165957 1588.385385 1682.312564 1787.173442 1889.528026 1970.931341 1888.341990 1782.715375 835.288052 1256.177916 1651.768591 1717.200709 1691.509039 1659.313151 1633.989579 1609.340651 1579.690809 1543.371224 1501.190458 1454.740485 1405.552600 1354.867187 1303.596684 1252.321236 1201.406654 1151.134133 1101.677042 1053.167285 1009.939083 982.639409 
924.808714 951.082904 993.786718 1040.592407 1089.499457 1140.990217 1195.740413 1254.876851 1319.926268 1393.170234 1478.080078 1579.010025 1700.790097 1844.452339 1988.891784 2041.699393 1877.660340 1726.313200 1810.768069 903.253985 1235.393069 1472.652963 1580.100806 1636.503703 1639.582662 1625.118149 1603.232839 1573.543270 1535.523977 1490.308085 1439.920649 1386.488945 1331.739908 1276.926238 1222.814848 1169.847976 1118.290377 1068.233768 1019.740776 976.956641 950.170089 
897.655897 924.051595 967.633066 1016.019711 1067.671582 1123.408903 1184.508787 1252.684174 1330.622158 1422.344177 1534.126732 1676.420181 1868.142189 2145.218753 2556.929810 3192.762479 2215.002549 1812.009188 1115.843514 796.749085 1083.823402 1375.767232 1504.622295 1654.081581 1654.601831 1630.927927 1604.844851 1573.036104 1532.554308 1483.788622 1429.066432 1371.044473 1311.972687 1253.426202 1196.319491 1141.180626 1088.212122 1037.431815 988.799000 946.238783 919.731779 
872.317675 899.078002 943.732017 993.832788 1048.370446 1108.556446 1176.167219 1253.771508 1345.216558 1456.517092 1597.634805 1788.036837 2077.216970 2641.931269 4326.367632 3059.133865 717.278484 1051.890546 689.344894 1084.914535 1370.597955 1319.373232 1874.945142 1781.433326 1694.032883 1644.181535 1612.556435 1578.508490 1534.739820 1481.365063 1421.350326 1358.084195 1294.311933 1231.834476 1171.688582 1114.375766 1059.996700 1008.479597 959.657407 917.218396 890.813387 
848.226198 875.526647 921.266381 973.065040 1030.390258 1094.869072 1168.791803 1255.542626 1360.143364 1490.249678 1657.831175 1882.642645 2198.031843 2651.979876 3204.282335 3184.361930 615.465341 726.931652 1229.319152 1222.541281 1259.836316 1285.216821 1513.847755 1606.333736 1634.235340 1637.524721 1623.247835 1591.026946 1542.767243 1482.704831 1415.799925 1346.342448 1277.425562 1210.930059 1147.832702 1088.476461 1032.823213 980.670747 931.728340 889.407745 863.002111 
824.853668 852.798650 899.526149 952.797688 1012.590823 1080.880117 1160.491306 1255.607642 1372.369986 1520.027028 1712.442212 1969.206156 2312.102769 2737.452739 3100.207388 2812.630678 378.114380 1433.477307 1160.084496 1090.758797 1022.053590 1054.208895 1239.904963 1447.312789 1594.135621 1655.587437 1655.660990 1618.304004 1558.990708 1487.716441 1411.320047 1334.450855 1260.013327 1189.562032 1123.745189 1062.630747 1005.975239 953.410961 904.510323 862.391633 835.920046 
801.793617 830.385694 877.884759 932.222308 993.939483 1065.283276 1149.574752 1251.726621 1379.158509 1543.276028 1761.999435 2062.980998 2487.123667 3102.354711 4223.491596 2454.973685 1426.287364 1205.957022 1036.330150 955.890608 880.837732 770.883601 1023.447395 1414.813311 1673.622729 1757.058247 1737.708487 1671.278844 1586.442401 1496.194855 1406.663475 1321.013876 1240.809508 1166.647020 1098.537949 1036.115959 978.858922 926.205308 877.602679 835.816398 809.255920 
778.720175 807.888875 855.792471 910.705884 973.593459 1046.952779 1134.487887 1241.761419 1377.373452 1555.291342 1799.206699 2150.638715 2676.914499 3430.071881 4278.567661 3257.856322 1327.251771 2092.123607 1076.708937 933.991571 859.162056 553.683000 985.938638 1708.728362 2007.683611 2007.984424 1894.084143 1756.189645 1624.799004 1506.172231 1399.869135 1304.438229 1218.594516 1141.278761 1071.516057 1008.375601 951.022374 898.681290 850.665763 809.404058 782.809016 
755.293665 784.967933 832.865677 887.727724 950.896940 1025.022552 1113.992740 1223.745239 1363.514644 1548.787795 1806.755297 2187.439658 2778.581666 3671.267636 4814.215493 3125.263674 2117.277578 1486.822738 1112.164219 1043.438161 1148.873168 1650.370098 1530.105686 2756.413089 2736.250624 2430.504906 2113.300316 1858.603508 1663.849950 1511.528333 1387.431777 1282.710291 1192.182782 1112.691167 1042.143473 979.023794 922.155832 870.568043 823.485627 782.992594 756.432873 
731.461513 761.421965 808.827690 862.964207 925.468557 998.974873 1087.359237 1196.457299 1335.410691 1519.197284 1773.718333 2145.553773 2719.883564 3651.118260 5291.791276 3570.618803 2997.265852 1900.487407 1355.814170 1243.626469 1484.799051 2314.103311 745.336884 3624.543292 3369.708195 2797.439974 2287.975106 1928.538796 1680.742288 1501.815561 1364.533574 1253.589549 1160.478349 1080.321963 1010.120577 947.860293 892.097495 841.745049 795.960556 756.482749 730.057169 
707.082825 737.149113 783.603654 836.338123 897.225910 968.731228 1054.539546 1159.986060 1293.369635 1467.952601 1706.208960 2049.340340 2584.853796 3560.411002 6031.596298 5233.709183 3613.252759 3452.042623 1970.683397 1575.367868 1696.543245 2082.694320 4045.359623 4021.308393 3458.618340 2831.283742 2290.973972 1913.638230 1654.080237 1468.129760 1327.453528 1215.524627 1122.873082 1043.976199 975.389679 914.866636 860.854740 812.217790 768.064894 729.826603 703.643109 
682.224740 712.146136 757.188127 807.915091 866.317551 934.635688 1016.132665 1115.419573 1239.458080 1399.044819 1611.458298 1906.074001 2335.820662 3001.929577 4090.768489 6026.687997 5702.712015 3585.212060 2782.947164 2135.364522 2341.390158 4365.726985 3700.068976 3722.733977 3129.067831 2580.801586 2141.934062 1818.687598 1584.127021 1410.080373 1276.001397 1168.581437 1079.589643 1003.882849 938.144592 880.209812 828.552923 782.037676 739.810460 703.038119 677.245459 
656.983752 686.529126 729.750165 777.940359 833.158879 897.342832 973.205799 1064.542866 1176.828396 1318.233299 1501.167805 1745.422035 2083.880372 2572.664406 3301.625609 4368.181094 6397.564142 3711.375292 2915.465767 2513.160716 2647.890194 3349.400730 3196.235431 3028.178607 2638.704157 2255.467162 1934.303083 1681.507086 1486.226865 1334.206948 1213.241808 1114.407807 1031.594839 960.660717 898.836548 844.214249 795.390404 751.345268 711.312559 676.208227 650.947557 
631.510692 660.443341 701.525165 746.796444 798.327589 857.695012 927.111205 1009.475572 1108.854814 1231.006413 1384.145938 1580.394715 1837.915657 2183.545296 2652.337365 3267.967989 3948.421547 3143.488581 2682.108586 2443.394869 2461.329136 2661.052635 2584.668698 2434.328964 2196.973094 1947.231879 1721.970713 1532.012020 1376.119320 1248.691791 1143.557847 1055.458794 980.351694 915.276746 858.119122 807.302864 761.675330 720.377056 682.730505 649.440733 624.841186 
605.958272 634.071301 672.794618 714.886229 762.421355 816.644212 879.221057 952.300762 1038.694115 1142.161090 1267.671074 1421.744405 1612.754860 1850.264440 2140.708958 2469.935321 2734.475458 2513.236413 2302.514076 2171.376443 2140.752763 2165.074286 2108.240723 2000.517212 1850.212505 1685.823547 1528.163942 1386.997245 1264.794521 1160.350152 1071.092363 994.272211 927.486406 868.796403 816.678745 769.961634 727.762885 689.371168 654.227181 622.861801 599.053699 
580.575760 607.662968 643.849793 682.656560 726.068559 775.055624 830.817471 894.828158 968.948060 1055.411698 1156.900842 1276.423068 1416.815510 1579.392517 1760.120893 1939.654673 2061.062360 2018.804322 1938.539461 1872.258990 1836.312205 1813.761176 1763.825422 1685.831846 1584.506135 1471.982799 1359.482013 1253.971970 1158.543986 1073.798823 999.024798 933.006979 874.453254 822.183851 775.196708 732.691458 694.001344 658.581727 625.996427 596.618112 573.700047 
555.516089 581.447421 615.044271 650.538891 689.872310 733.743958 782.966875 838.529179 901.524547 973.197859 1054.752826 1147.245908 1250.910326 1364.111640 1481.068874 1587.908734 1658.650945 1665.663974 1641.160840 1609.617362 1581.294577 1551.903239 1509.234312 1450.633322 1378.221826 1297.692831 1215.156379 1135.156534 1060.308224 991.714020 929.491553 873.251813 822.397013 776.280210 734.303360 695.941473 660.721624 628.258413 598.222842 570.837428 548.889907 
530.914675 553.736775 584.465781 616.368146 651.331872 689.813160 732.326451 779.415734 831.643200 889.551375 953.452229 1023.364253 1098.535678 1176.822492 1253.647483 1320.762132 1366.528752 1382.508216 1377.913941 1363.504104 1345.025089 1321.936718 1290.371921 1248.796287 1198.165053 1141.354242 1081.778959 1022.317692 964.942960 910.760908 860.236159 813.444694 770.238872 730.360743 693.527124 659.439822 627.820115 598.420580 571.012074 545.701336 524.721847 
513.494884 531.984630 559.005436 588.326376 620.269080 655.111090 693.282266 735.134481 781.051694 831.337492 886.166337 945.267887 1007.950795 1072.305417 1134.725728 1189.060768 1227.285921 1244.249657 1244.683672 1235.959460 1222.467344 1204.149606 1178.597678 1144.570887 1102.769325 1055.430807 1005.274209 954.653934 905.243866 858.018652 813.465596 771.757234 732.856859 696.640434 662.928142 631.514200 602.205635 574.810463 549.149587 525.067671 504.365100 
