3254.991002 3786.181118 4403.045471 5121.008232 5957.334752 6930.468680 8058.619290 9358.282992 10841.894856 12514.318377 14369.481879 16385.986854 18523.948449 20723.452260 22905.383892 24976.295814 26836.362895 28389.951007 29555.727367 30274.568129 30513.513270 30265.403714 29545.207504 28387.339430 26847.158173 25001.145013 22941.667096 20767.178064 18571.269559 16433.798484 14415.707881 12557.664692 10881.649671 9394.299099 8090.908632 6959.287111 5982.975153 5143.731052 4423.196580 3804.083253 3271.016725 
3273.844172 3801.204615 4420.915770 5143.104981 5985.651908 6967.498691 8107.694658 9423.611758 10928.477517 12628.186595 14517.031333 16573.687680 18757.657328 21007.145292 23240.308631 25360.029008 27262.683828 28849.389551 30037.088370 30766.654928 31006.606910 30752.224318 30019.589558 28841.184431 27270.326998 25383.812515 23276.767215 21051.609051 18805.827399 16622.308850 14563.879058 12672.009818 10968.655799 9459.898638 8140.207943 6996.481088 6011.393909 5165.932041 4441.130639 3819.125405 3289.895682 
3328.542830 3844.737028 4472.708814 5207.385083 6068.165044 7075.970026 8252.149685 9616.851550 11186.225476 12968.807826 14960.774363 17141.306013 19467.688468 21872.835623 24266.048046 26538.406841 28573.676731 30262.498857 31516.306929 32276.233364 32516.119960 32241.251199 31472.968576 30234.786534 28571.008911 26558.981202 24303.291183 21919.740191 19518.590706 17192.353536 15009.610222 13014.116876 11227.526000 9654.002679 8285.301446 7105.405098 6094.251777 5230.465403 4493.139054 3862.746922 3344.662166 
3413.670505 3912.327947 4553.225626 5307.666120 6197.826087 7247.939910 8483.617143 9929.963451 11608.567748 13533.165668 15704.274020 18102.338570 20681.741286 23366.235493 26048.603376 28597.233594 30870.709338 32738.779298 34102.737806 34905.344247 35131.142557 34814.269293 33996.019856 32668.477358 30848.294087 28613.039270 26088.374807 23418.156853 20737.826223 18157.774128 15756.509230 13581.066460 11651.713026 9968.481013 8517.786128 7278.126446 6224.451196 5331.163563 4573.961723 3930.531502 3429.902199 
3520.761220 3996.965349 4654.014654 5433.991135 6363.009765 7470.315778 8788.004989 10348.980836 12183.867414 14315.761525 16752.921799 19480.113913 22448.944888 25569.784320 28709.000767 31695.634082 34342.118125 36479.277489 37992.892289 38832.592434 38992.605661 38587.343791 37738.581538 36325.830051 34288.622573 31707.842518 28755.849374 25631.114702 22513.537227 19542.337609 16810.220142 14367.282357 12229.647455 10389.357723 8823.498436 7501.500158 6390.373514 5458.036528 4675.161459 4015.415835 3537.166557 
3638.979258 4089.336398 4763.909378 5573.008262 6547.880613 7724.781707 9144.896200 10853.127633 12894.147796 15306.451314 18112.809605 21307.832000 24842.822263 28611.570350 32440.540714 36092.553893 39295.500305 41805.948259 43490.907355 44332.703481 44272.806457 43642.747263 42902.288161 41507.426694 39205.483740 36110.839364 32504.562680 28689.611962 24920.564861 21379.566883 18176.838195 15362.650136 12943.149310 10895.755023 9182.009530 7757.099590 6576.123749 5597.694331 4785.558729 4108.073995 3655.608476 
3755.768210 4178.346256 4869.587468 5708.379038 6732.570441 7987.273647 9526.627878 11412.472541 13711.019001 16485.330693 19783.054855 23618.355814 27948.961475 32649.831246 37489.597810 42122.168377 46119.447678 49087.775532 50888.011060 51693.745725 51006.488421 49694.173637 49611.035850 48596.395239 46021.779229 42176.667203 37589.980998 32755.251799 28045.515565 23702.574785 19855.231297 16546.939497 13763.641592 11457.574258 9565.441173 8020.847565 6761.695358 5733.771909 4891.759391 4197.407200 3772.648553 
3857.547134 4251.786917 4956.092704 5821.392065 6893.016033 8227.304933 9895.025580 11981.335268 14582.524328 17796.754721 21706.843953 26353.372149 31698.474700 37582.120849 43678.002033 49463.998743 54245.721642 57344.398291 58698.956123 59590.913317 57422.396083 54121.475477 56431.612931 56804.771897 54259.989256 49615.338610 43842.135138 37726.654381 31818.638143 26451.897011 21787.796680 17863.859167 14638.699074 12028.815887 9935.495909 8262.057690 6923.017071 5847.446686 4978.809198 4271.153330 3874.702405 
3930.723341 4297.109934 5007.929604 5891.479409 7000.961677 8405.081157 10193.707728 12479.221853 15392.051169 19065.550377 23605.016674 29038.891263 35254.216320 41929.474164 48485.439506 54082.810518 57705.859829 58461.283371 56829.595414 58698.864867 55473.058136 51615.456284 55103.645918 58436.497966 57995.497750 54382.242151 48729.561694 42116.765189 35397.365451 29150.112394 23693.294899 19137.019729 15450.995303 12528.550011 10235.494002 8440.808987 7031.721210 5918.120221 5031.125835 4316.760836 3948.128909 
3962.961510 4302.806605 5010.288627 5897.480747 7023.878457 8468.291896 10336.809439 12764.598227 15907.564771 19913.938030 24864.932954 30677.083351 36974.153988 42958.045541 47340.107619 48457.272382 44982.126922 38950.296190 43120.335472 43416.174586 61172.985177 112527.022193 38290.132401 36586.418714 45084.080110 48854.796038 47648.097962 43172.962500 37128.524400 30793.151535 24955.634369 19986.919476 15967.543888 12814.757982 10379.295524 8504.629553 7055.184153 5924.594825 5033.882834 4322.682357 3980.550872 
3945.079796 4260.292690 4951.699281 5821.480732 6930.808485 8360.934390 10222.716267 12658.622623 15832.682573 19895.594149 24909.580144 30723.200265 36800.639521 42036.003577 44611.798808 42071.062570 33344.459814 40281.817889 125565.743404 72912.454509 129617.695846 49083.298953 33858.826492 24820.993948 33902.005673 42719.887472 44928.743728 42225.391499 36935.636105 30828.050570 24994.278558 19965.522836 15891.289785 12708.251020 10265.119610 8397.421282 6962.373363 5848.901695 4975.587478 4280.309102 3962.794864 
3873.484010 4166.336208 4828.159102 5657.293608 6710.654830 8061.870383 9811.182459 12088.466736 15048.265990 18847.796008 23598.695132 29287.482902 35674.196026 42205.222191 48018.709759 52229.246481 54992.654590 59932.899461 74777.819476 83660.229733 79578.610959 77767.644360 111605.730205 63979.134007 54604.096087 51886.274699 47948.666345 42245.664086 35746.185209 29363.092563 23669.031591 18910.492890 15103.237668 12136.352815 9852.798563 8098.074122 6742.203445 5684.845301 4852.233970 4186.407534 3891.203876 
3751.117795 4024.166483 4645.114620 5415.003670 6382.776847 7608.513947 9172.591374 11179.337071 13757.376077 17053.755636 21218.164541 26375.254182 32585.968154 39802.114603 47816.130845 56200.414689 64249.041939 71112.067809 77168.406828 87847.699695 83013.221066 105411.482388 70901.589066 68105.547763 62791.073452 55541.261119 47566.426777 39739.474432 32601.677226 26420.744239 21272.417784 17107.866952 13807.791581 11224.837922 9213.001581 7644.127676 6414.093692 5442.508171 4669.267108 4044.216831 3768.734433 
3586.136401 3841.819996 4414.112967 5113.362464 5979.863863 7059.339067 8411.432530 10112.421914 12257.310214 14960.642722 18355.603523 22590.133122 27818.121018 34175.575987 41713.555678 50227.187158 58932.664450 66243.324762 70867.142447 76875.289088 65945.623500 53065.415376 64869.669738 61761.049946 56965.721752 49403.070728 41379.219447 34058.195860 27798.725230 22614.099306 18397.093801 15007.362965 12303.475131 10155.515193 8450.501471 7094.227645 6010.792518 5140.696920 4438.227767 3861.761892 3603.565573 
3389.414295 3629.553416 4148.682627 4771.939885 5531.723420 6461.152179 7602.149439 9007.186561 10741.383444 12885.744111 15542.719878 18846.616075 22981.027664 28198.236456 34803.097844 42980.091907 52256.345519 60577.125400 63601.633975 55083.470901 32993.855243 23660.761761 52063.705911 55947.295554 50356.706790 42179.704689 34462.994067 28064.928555 22945.886510 18858.485082 15575.924026 12927.090000 10784.176422 9048.187703 7639.950644 6495.272620 5562.185760 4799.003622 4172.653547 3649.316998 3406.583941 
3172.413155 3398.061878 3862.233053 4408.646682 5062.930548 5847.899287 6791.458787 7927.771192 9299.368105 10961.768768 12993.753809 15520.037094 18757.632062 23094.268515 29153.102534 37602.746345 48265.490723 58540.247491 62502.911306 55995.852231 37482.238578 20028.437554 51125.633609 54217.551264 46535.712795 36874.627989 28834.263623 22961.188838 18716.630000 15525.728180 13022.050592 10999.597889 9339.745154 7967.140922 6828.163621 5881.285570 5092.893987 4435.362654 3885.978340 3417.578344 3189.255309 
2945.717228 3157.258195 3566.928621 4038.949265 4593.400115 5244.894245 6010.589658 6910.855720 7971.469613 9228.835929 10743.409058 12631.827928 15140.407358 18785.659630 24477.283770 33098.788814 43674.127461 50667.718999 44660.738687 27186.500117 55518.571195 16717.518792 58130.842881 46975.094672 41968.928782 32382.512168 24155.067409 18644.866030 15093.015229 12633.080734 10768.665883 9264.514715 8010.272929 6949.058459 6046.403953 5277.612900 4622.842846 4065.262598 3590.367350 3176.462712 2962.174660 
2718.229096 2915.565547 3272.963243 3675.400421 4138.537705 4670.684528 5280.890218 5979.342284 6779.235185 7702.044698 8791.596581 10150.571030 12029.153337 15000.382955 20065.821689 27821.741484 35213.844395 30156.616560 58397.938390 64494.096288 39804.920214 56995.726834 51271.311069 28468.464803 33929.051008 27133.123566 19714.889363 14837.892533 11971.480184 10147.626280 8815.004075 7736.617940 6817.176133 6016.766185 5316.006022 4702.782009 4167.444628 3701.255179 3296.018533 2934.397809 2734.237404 
2496.801227 2679.633268 2988.283270 3327.481756 3709.465692 4137.901854 4615.939555 5146.502522 5733.591231 6386.939216 7134.446713 8055.284495 9359.454808 11535.453979 15397.377179 21298.535534 26587.599636 22403.388270 21354.787152 85333.876563 62727.097543 44678.853107 54067.367280 13226.636417 24237.245191 20409.508371 14984.297511 11348.769248 9293.729925 8050.516015 7157.703127 6421.482605 5771.276331 5183.458754 4650.486317 4169.395076 3737.804543 3352.809520 3010.874308 2698.025532 2512.299759 
2286.253330 2454.313225 2718.601631 3001.737148 3313.412101 3654.025104 4022.724897 4417.521187 4836.154602 5279.502792 5761.002521 6330.545878 7127.755436 8467.833497 10855.661862 14611.198532 18941.885528 21445.482487 21829.554573 29781.992956 43371.725608 42068.917300 13864.377089 17268.012479 17089.385589 13732.887859 10428.643246 8279.105894 7065.189319 6329.244641 5786.543164 5315.138551 4874.073740 4454.213055 4056.741599 3684.888596 3341.111539 3026.455202 2740.638047 2472.193243 2301.188268 
2089.607265 2242.825238 2467.605795 2702.109862 2954.238002 3222.237526 3502.792864 3790.921316 4080.523492 4366.486147 4650.877179 4957.680648 5363.278372 6040.763930 7272.951223 9341.302096 12292.149381 15636.314309 17790.336944 16060.248801 11884.393580 3939.281617 12925.843387 13308.311954 10994.149626 8620.363667 6906.200238 5884.001384 5318.554410 4965.813681 4681.031665 4404.069486 4118.952045 3827.387938 3536.225804 3252.384789 2981.192882 2726.119599 2488.986247 2260.119958 2103.931612 
1908.424443 2047.014978 2237.270493 2430.397365 2633.095687 2842.363830 3053.577167 3260.276438 3454.438950 3627.631864 3774.644550 3901.955909 4045.033795 4295.003216 4816.334552 5805.639327 7353.785281 9185.076030 10295.932499 9219.977137 6302.168344 5685.572589 7928.174618 7760.267124 6470.592831 5287.154894 4554.621327 4193.566292 4028.030763 3923.190367 3810.587474 3667.412807 3493.322244 3296.369006 3086.272233 2871.645897 2659.174985 2453.581106 2257.890134 2063.655146 1922.097305 
1743.162990 1867.648118 2028.219623 2186.731048 2349.123030 2511.819821 2669.730447 2816.010188 2942.156366 3038.581168 3096.598107 3113.134153 3100.685309 3104.998093 3224.303971 3592.085982 4264.930675 5055.816110 5475.760930 5028.727446 4010.099843 3842.804649 4334.280661 4225.616198 3713.741859 3271.104094 3076.971384 3064.171325 3112.907417 3147.446674 3137.877739 3080.073187 2981.081743 2851.405964 2701.441105 2540.044722 2374.175014 2208.964666 2047.978585 1883.567474 1756.149019 
1593.504612 1704.682654 1840.087123 1970.051895 2100.081908 2226.495023 2344.301858 2446.992169 2526.553198 2573.745097 2579.173296 2535.852523 2444.695650 2325.311051 2231.816416 2254.808434 2455.532062 2749.813833 2911.815003 2763.812293 2433.012064 2320.856437 2379.599732 2311.322452 2161.061276 2102.291794 2184.116770 2335.631174 2480.496528 2580.069914 2623.979461 2615.866703 2564.841258 2481.248264 2374.726546 2253.448882 2123.948912 1991.216224 1858.891599 1719.821698 1605.778324 
1458.640750 1557.513377 1671.823321 1778.528673 1882.907521 1981.481255 2069.695229 2141.791968 2190.788994 2208.661115 2186.935651 2118.117615 1998.514176 1833.848352 1648.465903 1494.031429 1432.103119 1464.230201 1499.014752 1449.282613 1340.062426 1278.454445 1272.381220 1277.338889 1328.514031 1468.876057 1671.151503 1877.696166 2048.614447 2167.522941 2232.803851 2250.057101 2227.653672 2174.425144 2098.523847 2006.953524 1905.445119 1798.517284 1689.594817 1571.822880 1470.184029 
1337.482520 1425.176996 1521.962107 1609.894625 1694.148286 1771.625699 1838.369884 1889.556914 1919.445312 1921.572194 1889.109221 1815.740063 1697.114881 1533.461989 1333.506655 1119.155564 926.423600 790.065561 710.339823 654.889287 612.542184 608.528283 661.109069 775.569465 951.751500 1168.759665 1392.138114 1592.361620 1752.287087 1865.723760 1933.654289 1960.952473 1954.154281 1920.128676 1865.329188 1795.437506 1715.238894 1628.622282 1538.640337 1438.617502 1348.285894 
1228.812425 1306.503248 1388.825179 1461.707524 1530.288092 1591.921537 1643.302882 1680.549583 1699.156624 1694.212035 1660.652688 1593.875553 1490.602158 1350.169742 1176.169538 977.930902 770.897795 574.543558 408.652043 295.221655 267.946202 338.787857 474.676117 649.524180 847.198596 1050.835672 1243.192300 1410.398893 1544.039752 1640.979622 1702.056138 1730.586090 1731.146980 1708.728590 1668.188271 1613.944936 1549.846853 1479.115223 1404.368763 1319.049505 1238.876704 
1131.389749 1200.232104 1270.667123 1331.531055 1387.958926 1437.752566 1478.245459 1506.402985 1518.825750 1511.945965 1482.255624 1426.755573 1343.568692 1232.708404 1097.005814 942.880571 780.751317 624.971590 494.002169 411.062030 397.693890 454.255578 561.274718 699.408690 853.564242 1010.353533 1157.888356 1286.897563 1391.468224 1468.970906 1519.433955 1544.715748 1547.756814 1531.993196 1500.938298 1457.918807 1405.938843 1347.590990 1285.056588 1211.875257 1140.723866 
1044.013491 1105.097048 1165.779007 1217.056541 1264.068317 1305.021897 1337.826771 1360.163473 1369.548139 1363.481362 1339.669268 1296.351309 1232.758070 1149.621360 1049.775093 938.649933 824.578066 718.698173 634.145813 583.747365 575.636386 609.599062 678.513319 772.339823 880.462693 992.667741 1099.945047 1195.215631 1273.705474 1332.901383 1372.202270 1392.419904 1395.298988 1383.104574 1358.297242 1323.320714 1280.464365 1231.771494 1179.016815 1115.843991 1052.633222 
965.559362 1019.880721 1072.552502 1116.172967 1155.866359 1190.194399 1217.552446 1236.199923 1244.366514 1240.353542 1222.736187 1190.599017 1143.862717 1083.618524 1012.492990 934.891674 857.040232 786.629932 731.848171 699.741540 694.366632 715.825313 760.784004 823.672150 897.760672 976.061531 1052.127653 1120.672069 1177.895341 1221.532315 1250.682594 1265.521121 1266.996765 1256.546297 1235.848704 1206.666751 1170.712542 1129.572263 1084.662656 1029.751169 973.486386 
894.996857 943.448250 989.519641 1026.998971 1060.965886 1090.283827 1113.736235 1130.038220 1137.949737 1136.346750 1124.387275 1101.678126 1068.495248 1025.987995 976.377549 923.034322 870.380580 823.522701 787.548798 766.608262 763.069703 777.133080 807.000161 849.350925 899.907578 954.013350 1007.191846 1055.608298 1096.343005 1127.489833 1148.093018 1157.992760 1157.645527 1147.928428 1129.965697 1105.010816 1074.327892 1039.133490 1000.542970 952.471765 902.259859 
831.398613 874.762748 915.368368 947.890304 977.331051 1002.805792 1023.397745 1038.170380 1046.264522 1046.954270 1039.769299 1024.610042 1001.892647 972.662328 938.686900 902.454351 867.043474 835.836051 812.067299 798.312689 796.057135 805.492670 825.569252 854.216657 888.667499 925.813765 962.571064 996.199481 1024.510947 1045.977158 1059.718517 1065.430979 1063.285829 1053.796631 1037.707052 1015.897982 989.296450 958.826154 925.358302 882.978474 838.031670 
773.940342 812.893958 848.943064 877.428643 903.246497 925.716152 944.148547 957.867389 966.279606 968.926327 965.564899 956.243999 941.399603 921.911633 899.137061 874.879508 851.273213 830.578866 814.903016 805.901605 804.538952 810.970025 824.549444 843.947299 867.342565 892.641207 917.715224 940.616860 959.731004 973.868818 982.279834 984.623735 980.918327 971.449923 956.706546 937.302644 913.916058 887.243504 857.962949 820.348166 779.980543 
721.894678 757.017442 789.237646 814.402761 837.278365 857.344771 874.084873 887.012314 895.718123 899.916055 899.497157 894.574241 885.544260 873.114313 858.304975 842.413966 826.924300 813.365440 803.136275 797.327837 796.579942 801.009433 810.204582 823.292107 839.055034 856.067540 872.855390 888.033156 900.418828 909.104786 913.479023 913.219800 908.270132 898.780430 885.069132 867.563976 846.760207 823.182554 797.357434 763.761172 727.381376 
674.625236 706.410382 735.383941 757.785559 778.233968 796.331839 811.691660 823.963084 832.863823 838.216457 839.984964 838.301000 833.500639 826.135095 816.963014 806.916209 797.030725 788.352780 781.825898 778.181851 777.852186 780.922033 787.120782 795.864726 806.329861 817.536074 828.455552 838.100612 845.610136 850.299726 851.683923 849.483379 843.611251 834.140944 821.278867 805.324092 786.639320 765.620802 742.676752 712.496541 679.598110 
631.575572 660.442867 686.638289 706.711532 725.124683 741.571831 755.762004 767.441466 776.414312 782.570121 785.908806 786.557189 784.788725 781.024581 775.824026 769.856141 763.849391 758.526034 754.530574 752.361144 752.312296 754.443814 758.574032 764.308033 771.081191 778.213563 784.983248 790.685439 794.693157 796.495051 795.712940 792.116833 785.614656 776.238121 764.120269 749.473137 732.563594 713.692430 693.176585 665.924496 636.075078 
592.262217 618.567274 642.364375 660.452639 677.132144 692.165044 705.331614 716.445418 725.369500 732.034334 736.454400 738.740890 739.110450 737.880320 735.460459 732.331815 729.009127 725.994548 723.734323 722.571031 722.706376 724.181914 726.874339 730.513578 734.707776 738.982097 742.826019 745.735947 747.254627 747.003106 744.690935 740.135326 733.251421 724.048999 712.614941 699.102586 683.709494 666.665756 648.218516 623.496968 596.328007 
556.265495 580.310257 602.018773 618.396387 633.577727 647.375827 659.623460 670.180976 678.950490 685.888011 691.011670 694.412799 696.258851 696.786424 696.295457 695.131814 693.659888 692.231927 691.159861 690.680111 690.932137 691.945467 693.634298 695.812393 698.204994 700.478906 702.270891 703.220111 702.993268 701.311097 697.953507 692.778197 685.713183 676.757690 665.971083 653.466139 639.390545 623.922130 607.255290 584.738483 559.935816 
523.220868 545.262505 565.137862 580.025898 593.895898 606.598792 618.005923 628.010835 636.541221 643.568235 649.108861 653.234043 656.070246 657.793057 658.621301 658.803432 658.598546 658.254991 657.990991 657.971433 658.294200 658.979369 659.966377 661.126065 662.263932 663.145105 663.510047 663.099514 661.671482 659.020113 654.981239 649.445487 642.355492 633.706783 623.542638 611.946898 599.032279 584.938080 569.818661 549.237335 526.532224 
492.811796 513.069669 531.323877 544.903084 557.612742 569.332859 579.962501 589.418889 597.646818 604.625950 610.369265 614.929721 618.401318 620.913247 622.623999 623.712960 624.363988 624.752086 625.031269 625.317509 625.679202 626.129987 626.627222 627.080070 627.350103 627.270553 626.656270 625.320285 623.087460 619.806370 615.356458 609.654422 602.657131 594.360424 584.797674 574.032421 562.153313 549.270459 535.507415 516.636567 495.798544 
464.763056 483.425344 500.236014 512.656320 524.330592 535.161247 545.066998 553.982065 561.863144 568.694043 574.482676 579.267561 583.117374 586.125765 588.407575 590.091096 591.306524 592.178940 592.816668 593.301046 593.680388 593.963529 594.120767 594.086846 593.763397 593.031359 591.758958 589.810472 587.060264 583.397498 578.734413 573.009110 566.190787 558.277225 549.295492 539.295473 528.348406 516.541952 503.976149 486.626231 467.457208 
438.835385 456.063998 471.582153 482.969802 493.713768 503.733816 512.963062 521.348220 528.853907 535.465460 541.186714 546.044340 550.087123 553.383018 556.013372 558.069112 559.644264 560.826962 561.693489 562.301338 562.684295 562.847616 562.770484 562.405749 561.684082 560.519657 558.818771 556.482924 553.422970 549.558302 544.825670 539.180676 532.601850 525.089716 516.667699 507.376034 497.272526 486.428735 474.927087 458.937562 441.266266 
414.819566 430.755013 445.109844 455.572473 465.475482 474.753072 483.349704 491.220554 498.335093 504.679875 510.255122 515.077683 519.182550 522.616860 525.437074 527.709407 529.499766 530.870161 531.874864 532.554018 532.931096 533.008313 532.771704 532.187428 531.206231 529.766357 527.801319 525.240306 522.020193 518.082856 513.383126 507.890307 501.590672 494.487710 486.601946 477.966874 468.631036 458.654086 448.103755 433.336229 417.013571 
392.532024 407.297233 420.599799 430.229698 439.370006 447.965772 455.970579 463.345778 470.064262 476.112806 481.488787 486.202985 490.278000 493.744901 496.644944 499.023738 500.927621 502.400066 503.479364 504.192976 504.557011 504.572308 504.230174 503.505924 502.364297 500.761532 498.650099 495.979569 492.705189 488.785464 484.189326 478.897451 472.901391 466.206333 458.831734 450.807037 442.172746 432.978890 423.282290 409.617268 394.513401 
371.811362 385.514271 397.862006 406.739128 415.185282 423.153940 430.605295 437.506016 443.831763 449.568515 454.712642 459.268937 463.249898 466.678098 469.580559 471.988965 473.935226 475.449727 476.558494 477.280428 477.627107 477.599392 477.191247 476.384140 475.152997 473.466709 471.291478 468.592188 465.336689 461.497276 457.054110 451.994002 446.312406 440.018048 433.129391 425.671397 417.678776 409.194958 400.267812 387.601230 373.602071 
352.515605 365.251453 376.729507 384.924086 392.737508 400.128741 407.063415 413.513105 419.454924 424.875394 429.768962 434.134558 437.980850 441.321174 444.173104 446.557619 448.496683 450.011071 451.118388 451.832027 452.160943 452.104421 451.657930 450.807616 449.535860 447.821413 445.640569 442.968156 439.782947 436.067444 431.807305 426.994840 421.631409 415.726531 409.296298 402.363817 394.959615 387.121260 378.890052 367.130712 354.135401 
334.518428 346.371938 357.056707 364.630933 371.865720 378.725285 385.179289 391.202088 396.773692 401.880814 406.514055 410.671556 414.356549 417.576332 420.341671 422.666097 424.564824 426.051393 427.137553 427.833449 428.143669 428.067178 427.601040 426.735145 425.458074 423.754807 421.607589 419.000710 415.920663 412.354396 408.294485 403.738966 398.690271 393.158293 387.159289 380.714173 373.850229 366.600531 358.999866 348.065903 335.985021 
317.708748 328.755105 338.714441 345.724098 352.429570 358.799529 364.806578 370.427973 375.646158 380.446034 384.818593 388.758834 392.266207 395.345196 398.001320 400.243653 402.080797 403.521525 404.574003 405.244112 405.534682 405.445042 404.973487 404.112177 402.853856 401.186659 399.100675 396.585371 393.630223 390.229384 386.380126 382.081363 377.338181 372.161632 366.566947 360.573643 354.205796 347.491834 340.463032 330.283232 319.037856 
301.985996 312.293482 321.588818 328.083428 334.304011 340.223417 345.816301 351.062479 355.944154 360.447438 364.562772 368.282639 371.606395 374.534216 377.069439 379.215134 380.976608 382.359768 383.369632 384.009374 384.281183 384.183862 383.716295 382.872846 381.647946 380.036207 378.029166 375.619050 372.802514 369.575897 365.938155 361.891682 357.442351 352.601645 347.384849 341.808769 335.895244 329.671187 323.164248 313.674277 303.192180 
287.261237 296.890766 305.576828 311.602429 317.379736 322.884296 328.094229 332.989369 337.552753 341.772530 345.637786 349.142102 352.281440 355.054609 357.460663 359.500945 361.178953 362.498382 363.460543 364.067943 364.321268 364.219577 363.762842 362.945141 361.766863 360.220483 358.300909 356.007021 353.335064 350.283552 346.854741 343.051804 338.882323 334.358271 329.492941 324.302170 318.807482 313.032491 306.999996 298.140017 288.356796 
273.454059 282.461176 290.588372 296.186063 301.557555 306.681384 311.536431 316.103513 320.368820 324.319739 327.947012 331.242134 334.199754 336.816542 339.090919 341.023230 342.614840 343.865953 344.778027 345.351823 345.587785 345.485068 345.042161 344.259051 343.131186 341.655690 339.831962 337.657136 335.129739 332.251431 329.025263 325.456565 321.553232 317.325356 312.786473 307.952765 302.842709 297.475977 291.873987 283.592044 274.450466 
260.492419 268.927172 276.541243 281.748981 286.748965 291.521749 296.047976 300.311831 304.299196 307.998235 311.399051 314.492507 317.273202 319.736829 321.881572 323.705906 325.208784 326.390721 327.252079 327.792655 328.012529 327.909249 327.486426 326.738174 325.664542 324.265299 322.537663 320.481373 318.097471 315.388346 312.358549 309.013139 305.358709 301.406697 297.171380 292.665982 287.906215 282.912106 277.704428 269.953284 261.399862 
248.310784 252.246718 259.279576 263.989513 268.510498 272.825081 276.917894 280.774556 284.380839 287.726682 290.802675 293.601467 296.116514 298.344994 300.284497 301.932510 303.288386 304.352747 305.124771 305.604966 305.791187 305.686597 305.287133 304.592848 303.604565 302.319907 300.738464 298.860965 296.688113 294.223433 291.469860 288.431165 285.116449 281.536787 277.702079 273.623586 269.317878 264.802364 260.092813 252.933268 249.137818 
244.991585 242.638134 247.316549 251.835391 256.176976 260.324766 264.265072 267.981484 271.458651 274.685697 277.654286 280.356860 282.784761 284.935163 286.806009 288.394284 289.699694 290.720920 291.458184 291.912478 292.079844 291.969581 291.563701 290.881020 289.907850 288.650456 287.106786 285.275450 283.161508 280.765701 278.092072 275.145663 271.937335 268.478368 264.775560 260.843510 256.700538 252.359661 247.838366 243.158710 246.014298 
