3255.722066 3766.704656 4348.291271 5020.503407 5798.044521 6695.563193 7727.383154 8905.647336 10236.996442 11721.130023 13346.889956 15088.710314 16905.767689 18741.738388 20527.630217 22188.629827 23651.970689 24855.036042 25750.343575 26307.059509 26510.076208 26357.588897 25856.157592 25017.962351 23865.221099 22437.471401 20793.998801 19008.739900 17160.468146 15322.603253 13555.711132 11903.785029 10394.043892 9038.996952 7839.678395 6789.116076 5875.344799 5083.941387 4399.674986 3807.755722 3301.531743 
3273.924340 3780.998551 4364.729017 5040.914719 5824.048426 6729.529508 7772.431326 8965.149755 10315.559784 11823.679719 13478.253299 15253.599470 17107.443028 18981.027445 20802.346991 22493.289562 23978.795733 25195.702075 26097.882429 26656.569048 26858.807806 26705.578933 26204.474957 25364.425114 24202.409209 22754.795635 21081.347483 19259.185226 17371.220705 15494.574194 13692.410942 12010.150438 10475.471247 9100.670276 7886.198143 6824.321378 5902.322466 5105.074179 4416.773816 3821.620782 3318.063391 
3326.863143 3822.593802 4412.581281 5100.296755 5900.085441 6829.400920 7905.061262 9141.846925 10549.925522 12131.017964 13874.424063 15753.410141 17721.370920 19711.990558 21643.189030 23425.894516 24977.129195 26232.458072 27151.388053 27712.728995 27909.588096 27753.817473 27258.815341 26420.852457 25236.318553 23729.908368 21963.561836 20025.809217 18013.586381 16016.097949 14104.724546 12329.193051 10718.357227 9283.632721 8023.472016 6927.691525 5981.183235 5166.644696 4466.484186 3861.911424 3366.144398 
3409.731179 3887.614426 4487.366709 5193.313945 6020.274926 6988.473463 8118.566140 9429.545903 10935.757112 12642.669236 14541.664710 16603.771996 18775.347884 20976.110576 23103.521195 25045.366762 26701.480058 28006.433588 28937.035449 29491.323386 29666.283203 29503.377708 29040.722903 28239.132607 27039.045942 25437.892860 23505.463382 21357.065453 19119.179901 16904.536188 14799.419070 12860.624638 11118.269673 9581.436721 8244.429388 7092.373777 6105.695704 5263.200739 4544.149424 3924.780941 3441.340926 
3514.971752 3969.758002 4581.652594 5311.430113 6174.506183 7195.663325 8401.311389 9817.180079 11465.153225 13357.635283 15489.956166 17832.084837 20320.090830 22850.656092 25283.848257 27461.558500 29245.887592 30570.837742 31466.610462 31990.717761 32095.760944 31903.402865 31557.754587 30910.451554 29751.842161 28025.647158 25830.852714 23342.857013 20744.885402 18190.032180 15787.511974 13603.201625 11667.065163 9982.789686 8537.009338 7306.878644 6265.558195 5385.833642 4642.231155 4004.009711 3536.592904 
3632.776541 4060.539328 4685.623053 5442.830353 6348.896581 7435.037451 8735.915408 10288.003862 12125.229324 14271.867824 16732.627766 19479.314084 22435.173300 25461.338352 28352.715958 30858.006700 32746.748799 33937.630388 34622.166184 35127.248651 35037.376730 34697.465926 34730.678134 34581.984926 33632.814923 31753.745253 29149.017172 26128.077453 22978.077235 19916.152875 17082.774367 14552.590316 12350.925770 10470.137545 8883.364364 7554.788967 6446.478352 5522.439843 4750.603975 4091.270248 3642.595707 
3751.537500 4149.856471 4787.338151 5572.832109 6525.606982 7685.183874 9098.225675 10816.799949 12893.615355 15373.569295 18279.692919 21591.845540 25220.408137 28975.480679 32540.953028 35475.652073 37301.180042 37787.757365 37522.401630 38440.195179 37867.428802 36755.520379 38072.320010 39410.829356 39075.713879 37006.202053 33750.756854 29902.580018 25925.716893 22130.256638 18694.017306 15695.556935 13146.252180 11016.980065 9258.266619 7814.052281 6630.040175 5657.943778 4856.950201 4176.491366 3748.263448 
3858.625998 4226.383089 4873.099199 5684.243654 6682.558685 7918.216035 9453.634437 11362.452496 13724.842546 16616.431230 20086.968196 24128.221817 28628.474711 33313.782658 37678.449923 40918.661325 41923.953505 39582.886122 34352.754494 38932.481283 37496.426084 32162.047394 38561.657920 44370.727633 45688.721588 43585.759183 39525.216607 34600.508635 29540.119691 24787.158655 20573.172456 16982.353730 14005.239124 11580.669449 9625.895339 8055.849217 6793.610267 5774.658299 4947.262306 4248.335849 3841.321502 
3941.103171 4278.293775 4928.426994 5757.810540 6793.198749 8096.545279 9748.400788 11847.917842 14506.631779 17829.693900 21879.053534 26614.577525 31812.160037 36965.091556 41180.510274 43054.221590 40388.764568 29064.939237 10093.635647 24253.561719 25496.993836 9257.349345 24694.271720 42151.810408 47751.039618 47436.140126 43890.468349 38698.610051 32959.877222 27401.639299 22436.918106 18237.070916 14812.001306 12081.936678 9931.147778 8241.615574 6909.933391 5852.880403 5006.686329 4294.991327 3909.092065 
3987.062012 4294.528854 4939.273850 5773.377365 6826.250285 8169.365401 9898.329849 12133.189383 15007.177292 18632.986916 23033.810165 28027.552712 33062.113088 37019.063315 38029.317661 33503.000653 22408.000605 40161.631558 16247.288202 47007.289048 52502.345618 30669.850513 60321.356621 27349.196605 32146.251961 39964.438234 41790.863681 39247.176762 34443.072988 28928.409913 23650.147779 19072.001694 15330.587673 12378.205756 10088.295915 8319.582875 6947.083022 5872.010375 5020.877977 4305.431119 3939.812624 
3987.302373 4266.666291 4894.631087 5713.704556 6751.781432 8082.175092 9804.127416 12042.823694 14935.697211 18590.684435 22998.538752 27880.799411 32462.185934 35150.677868 33082.677999 21606.043337 5580.764245 18389.311418 74475.073661 27016.005005 50636.642492 59677.601957 40086.924456 65840.618666 9366.796452 29870.949769 37626.400101 37673.015340 33959.459141 28832.195436 23638.604595 19041.703546 15265.559633 12291.601403 9996.613202 8234.422055 6874.543516 5814.399600 4978.537483 4271.278611 3924.527781 
3937.718725 4191.353506 4790.598310 5572.942972 6559.538982 7815.738867 9429.436220 11511.907215 14188.782663 17572.029825 21700.386450 26439.999572 31348.388681 35532.438563 37593.656435 35935.081790 29647.562369 18315.659233 30213.968950 30989.113017 27385.602894 26058.691003 60939.310073 39815.074505 38385.576676 41189.100724 40956.373281 37646.149980 32697.974564 27331.980948 22313.307041 18008.885171 14510.472451 11755.697618 9618.941813 7966.366195 6681.733922 5673.949700 4875.558029 4189.231382 3859.368203 
3840.462936 4071.314564 4632.244822 5360.910239 6268.926301 7408.272296 8847.198222 10671.435968 12981.243136 15880.231075 19451.802291 23720.226480 28597.299722 33819.876869 38882.740000 42944.718006 44722.578799 43544.487466 47185.080509 49305.822949 50255.403719 63945.084327 41946.484078 49100.985776 49769.908998 46458.205296 41276.942762 35446.125760 29708.954536 24492.957469 20001.444661 16281.317779 13281.574558 10901.962488 9028.289675 7553.652726 6388.035009 5460.407336 4716.929249 4062.158830 3746.749341 
3702.592446 3913.779484 4430.228357 5095.336465 5911.368573 6916.690528 8159.778531 9699.767476 11605.546303 13952.054523 16812.853592 20248.421890 24289.053869 28905.678817 33950.831285 39037.766734 43423.478061 46455.609233 49277.882469 52063.467195 45317.251145 39224.314595 46803.479351 47584.619096 45915.807164 41282.140878 35652.968588 30137.615373 25173.596990 20888.586401 17283.416691 14304.754570 11875.470314 9910.713818 8328.085675 7053.728140 6025.146260 5191.654241 4513.361351 3897.448406 3594.089249 
3533.680973 3727.995081 4196.847489 4794.181919 5514.463390 6384.465493 7436.295868 8707.337634 10239.397133 12077.362093 14268.192419 16862.356063 19921.734277 23535.379672 27823.614665 32851.164210 38325.198714 43186.029927 45410.593735 40837.118053 23903.223686 21846.553799 39632.529523 43000.011596 39800.015143 34410.790217 29071.501219 24465.826358 20608.678911 17374.542370 14656.240345 12376.558391 10474.215552 8894.952715 7588.919500 6510.895234 5621.153677 4885.922924 4277.286919 3704.561584 3411.398459 
3343.909541 3523.531050 3944.103465 4473.487635 5100.213244 5841.815150 6717.906073 7749.640564 8958.815357 10367.299797 11999.019555 13889.405286 16113.446027 18849.890713 22465.399797 27420.179673 33576.441656 39160.948357 41554.667382 42936.482964 32764.356811 15986.171359 33451.116785 38850.046608 34934.288379 28738.709500 23447.834435 19555.219768 16633.090171 14285.124964 12308.101763 10613.216077 9157.505092 7912.516254 6853.398656 5956.311701 5198.624015 4559.596413 4020.902819 3493.301363 3209.270296 
3142.668962 3309.207920 3682.698930 4146.814945 4685.928222 5310.485668 6030.891336 6856.570303 7794.844705 8850.351095 10027.055996 11339.743834 12851.494505 14772.296712 17589.755188 21740.545455 25872.777464 24978.336694 17015.145955 18629.019685 45662.784864 7324.836285 26133.105351 25144.472439 27582.204047 23067.083583 18401.522512 15290.221917 13224.077231 11631.394862 10264.402672 9046.788424 7959.098088 6995.170852 6149.094601 5412.575734 4775.419736 4226.583700 3755.126575 3272.692739 2997.507125 
2937.831900 3092.468654 3421.462938 3824.901632 4284.587138 4805.750845 5392.249022 6045.370037 6762.315994 7535.003876 8350.224163 9196.907871 10096.434954 11191.149030 12799.368733 14467.383587 11270.052497 11968.788742 26551.815686 41584.019713 10432.913375 16746.449844 28575.565789 20961.141272 14170.894349 15919.389330 13405.884875 11511.125779 10332.762755 9398.167364 8526.062804 7688.384058 6895.756159 6161.574504 5494.000643 4895.647415 4365.003018 3897.947814 3488.996807 3050.345024 2784.332034 
2735.525705 2879.123271 3167.160088 3515.634258 3905.190230 4337.417762 4811.823065 5324.513765 5866.464084 6421.574480 6964.896558 7463.332684 7887.058555 8241.630172 8460.188446 6951.879790 13946.481072 2943.180238 18430.767808 25664.468507 28126.372766 26038.852788 29937.751592 33542.556851 2483.278390 7749.953850 8573.524281 8332.365644 8008.907216 7595.270719 7093.078276 6540.239904 5973.951370 5421.099404 4898.613644 4415.831316 3976.750587 3581.855035 3229.461563 2832.204594 2576.085078 
2540.176475 2673.388754 2924.546923 3224.288689 3553.254885 3910.705047 4293.571438 4695.185627 5103.661697 5499.635942 5853.537958 6122.047347 6244.874375 6141.488591 5678.462015 4458.802992 3577.172809 17934.221297 18986.822755 22065.933753 22281.859861 25744.292541 30188.408672 2251.868733 19862.633236 2829.418920 5256.315969 6120.657155 6314.360879 6214.555343 5949.651062 5592.348227 5190.366108 4775.234457 4367.202236 3978.640174 3616.437896 3283.790005 2981.448312 2622.576032 2377.248341 
2354.669782 2478.088462 2696.630189 2953.907992 3231.436004 3527.172992 3836.827524 4152.783987 4462.825544 4748.180040 4981.025985 5120.724520 5107.958635 4854.709119 4233.474209 3122.430885 2041.227826 3721.425747 4700.326912 2089.802973 3127.912931 4164.219171 6414.564124 21982.807543 5797.079424 3367.588998 4225.326291 4894.164503 5172.493943 5194.420156 5056.535869 4821.983889 4533.247323 4219.172082 3899.127070 3585.748085 3286.863370 3006.940880 2748.104685 2424.303962 2190.662386 
2180.644173 2294.878920 2484.996298 2705.759520 2940.201299 3185.708554 3437.703092 3688.842905 3928.152769 4139.730649 4301.205138 4381.778040 4340.092472 4123.181560 3676.846609 3010.890616 2432.642700 2585.785419 2773.129376 2172.476240 2145.331660 2928.138465 3309.694635 6172.167781 3909.777809 3455.387916 3822.440043 4202.406926 4405.392656 4444.179859 4362.387081 4199.392212 3985.741828 3743.999161 3490.346100 3236.026325 2988.549011 2752.670619 2531.123709 2239.029222 2017.831544 
2018.827558 2124.505726 2290.140479 2479.800371 2678.483770 2883.463322 3090.448975 3293.030066 3482.197606 3645.683014 3767.426476 3827.328171 3802.219255 3670.393444 3426.204589 3118.019329 2902.434071 2969.027907 3180.616915 3226.185399 3317.013863 3444.582300 3420.532893 3813.733127 3453.759868 3386.667059 3555.989964 3747.080493 3860.550950 3879.495582 3817.300491 3694.233505 3529.477394 3338.914745 3134.885160 2926.546606 2720.432727 2520.999779 2331.089543 2067.459513 1859.246094 
1869.305645 1967.056335 2111.784657 2275.113320 2444.262432 2616.659192 2788.579496 2954.777570 3108.316347 3240.338363 3340.180470 3396.066481 3396.967596 3337.467778 3227.125825 3105.103954 3045.852666 3115.768768 3276.177189 3401.322951 3472.571217 3471.815232 3375.463288 3353.117051 3252.061085 3240.532199 3311.863109 3395.828040 3443.695510 3438.154911 3380.509078 3279.835182 3147.177911 2992.963808 2826.039096 2653.430342 2480.475162 2311.043789 2147.797519 1909.621585 1714.680709 
1731.731077 1822.176886 1949.144598 2090.259321 2235.035329 2381.201044 2525.674433 2664.346393 2792.093025 2902.812279 2989.752443 3046.496749 3068.539105 3056.566904 3020.935410 2985.730647 2985.368049 3043.994887 3144.663978 3232.800688 3273.528200 3254.516494 3182.244571 3119.797662 3065.365532 3051.316610 3071.263216 3096.874572 3103.702263 3079.490414 3022.022878 2934.856797 2824.030766 2696.112512 2557.201185 2412.482393 2266.139283 2121.372881 1980.524509 1765.078682 1583.447587 
1605.483480 1689.236288 1801.149765 1923.537372 2048.155700 2173.087857 2295.855353 2413.336714 2521.826069 2617.230817 2695.382059 2752.888617 2788.232617 2803.513178 2806.219310 2809.697132 2829.629579 2874.596410 2935.478272 2987.314798 3008.894439 2993.393120 2948.613034 2900.847500 2862.204169 2841.897201 2835.657276 2830.571625 2814.052184 2778.387069 2721.040773 2643.187914 2548.064540 2439.742054 2322.341295 2199.607676 2074.733883 1950.285878 1828.242938 1633.103760 1464.592458 
1489.800197 1567.442750 1666.597489 1773.172172 1881.044351 1988.645061 2094.008273 2194.806533 2288.384314 2371.997456 2443.089885 2499.839831 2541.871835 2571.058813 2592.059955 2611.885773 2637.616382 2672.131064 2710.366980 2740.658699 2752.361084 2742.109186 2714.732237 2681.904701 2651.883037 2628.586241 2609.832821 2589.444490 2560.867222 2519.528620 2463.488147 2393.038154 2309.942182 2216.742775 2116.215622 2011.046073 1903.634655 1796.001477 1689.777374 1512.808515 1357.036514 
1383.868434 1455.936703 1544.256550 1637.435735 1731.312266 1824.623636 1915.821691 2003.170196 2084.779266 2158.766199 2223.525699 2278.028863 2322.215943 2357.360801 2386.137453 2412.101509 2438.418257 2465.957459 2491.964027 2510.947410 2517.889972 2511.236413 2493.525027 2470.123732 2445.494272 2421.635783 2397.573848 2370.312015 2336.442420 2293.365774 2239.824544 2175.864019 2102.507748 2021.388516 1934.400589 1843.475166 1750.409485 1656.780758 1563.911933 1403.235850 1259.674027 
1286.874384 1353.852803 1432.938028 1514.721134 1596.820143 1678.222326 1757.721161 1833.992825 1905.691105 1971.494050 2030.318584 2081.536369 2125.112017 2161.768102 2192.949839 2220.408434 2245.532058 2268.519050 2287.903380 2301.087826 2305.755772 2301.214700 2288.725870 2270.811179 2249.737805 2226.570705 2200.913799 2171.319709 2136.038650 2093.653305 2043.442995 1985.437555 1920.297393 1849.118808 1773.227975 1694.029824 1612.876539 1530.997496 1449.457852 1303.422596 1171.435761 
1198.032276 1260.355663 1331.530750 1403.573648 1475.692900 1547.065648 1616.766128 1683.758274 1747.054313 1805.721906 1858.959921 1906.327020 1947.751315 1983.561271 2014.478024 2041.332314 2064.706339 2084.588173 2100.204427 2110.313982 2113.850171 2110.511984 2100.917619 2086.274250 2067.718448 2045.825676 2020.455725 1990.926506 1956.366617 1916.046831 1869.612710 1817.141527 1759.113707 1696.306770 1629.679622 1560.273046 1489.115648 1417.169938 1345.292504 1212.440226 1091.326005 
1116.601508 1174.659867 1239.020183 1302.696795 1366.303062 1429.154662 1490.543608 1549.656117 1605.721700 1658.078582 1706.104423 1749.428014 1787.940960 1821.735061 1851.115659 1876.444247 1897.938279 1915.526230 1928.794025 1937.135299 1940.053846 1937.420512 1929.541415 1917.007445 1900.394898 1880.024982 1855.868029 1827.625338 1794.891141 1757.328973 1714.813908 1667.473316 1615.692091 1560.053214 1501.273917 1440.143008 1377.455468 1313.971336 1250.380988 1129.419463 1018.440382 
1041.898853 1096.038954 1154.492118 1210.948301 1267.244670 1322.804709 1377.071056 1429.416626 1479.206341 1525.948124 1569.159854 1608.495354 1643.811668 1675.077855 1702.371050 1725.810123 1745.445840 1761.193701 1772.821717 1780.020339 1782.551462 1780.359576 1773.601296 1762.574176 1747.581402 1728.814083 1706.293002 1679.913819 1649.515740 1614.983308 1576.326348 1533.706938 1487.451303 1438.018605 1385.963716 1331.900332 1276.453111 1220.227568 1163.783759 1053.561664 951.970356 
973.301164 1023.830671 1077.129918 1127.328218 1177.308395 1226.588970 1274.708114 1321.188787 1365.501050 1407.244063 1446.048955 1481.593774 1513.704363 1542.290671 1567.314312 1588.769596 1606.628370 1620.806097 1631.161432 1637.524656 1639.773949 1637.884300 1631.939948 1622.096943 1608.526159 1591.352071 1570.621076 1546.326958 1518.437708 1486.960070 1451.976718 1413.665839 1372.313117 1328.294655 1282.053111 1234.076985 1184.864606 1134.904592 1084.656115 984.142954 891.202146 
910.242969 957.436539 1006.209053 1050.963175 1095.456850 1139.296336 1182.083761 1223.448076 1262.957088 1300.258307 1335.061802 1367.083143 1396.128203 1422.076636 1444.837887 1464.346491 1480.536078 1493.324488 1502.614308 1508.303817 1510.323864 1508.660494 1503.361247 1494.514376 1482.226342 1466.586572 1447.655056 1425.474570 1400.080981 1371.543825 1339.980769 1305.573501 1268.577424 1229.307200 1188.124621 1145.426364 1101.617063 1057.096399 1012.243976 920.512870 835.510306 
852.212765 896.317751 941.088612 981.088736 1020.798357 1059.896010 1098.039441 1134.923443 1170.203842 1203.563959 1234.760993 1263.553189 1289.743795 1313.196165 1333.798653 1351.461498 1366.101824 1377.639825 1385.998226 1391.110165 1392.930446 1391.448140 1386.691660 1378.717022 1367.598026 1353.405749 1336.207111 1316.067434 1293.055856 1267.271137 1238.845992 1207.957071 1174.833188 1139.740877 1102.982712 1064.886070 1025.784307 986.008056 945.874643 862.090511 784.349569 
798.747696 839.989253 881.202739 917.035345 952.560219 987.507450 1021.588572 1054.540527 1086.088579 1115.953200 1143.918591 1169.780635 1193.354269 1214.497567 1233.091796 1249.039735 1262.254694 1272.659895 1280.187276 1284.787646 1286.427317 1285.096787 1280.813991 1273.618281 1263.566918 1250.721663 1235.149822 1216.924915 1196.131978 1172.881491 1147.307643 1119.576219 1089.892737 1058.485819 1025.611623 991.544022 956.561532 920.940691 884.950111 808.359936 737.244930 
749.432217 788.013674 826.050106 858.216782 890.069354 921.373367 951.887001 981.380624 1009.629541 1036.392796 1061.473752 1084.696621 1105.895024 1124.930488 1141.684752 1156.060115 1167.972906 1177.350197 1184.129844 1188.270799 1189.745763 1188.546509 1184.684589 1178.191185 1169.114535 1157.508317 1143.437287 1126.978635 1108.222846 1087.280027 1064.278678 1039.373060 1012.746440 984.595737 955.140221 924.612949 893.248744 861.280956 828.939539 758.863068 693.782252 
703.893679 739.999210 775.185471 804.118272 832.737495 860.835149 888.207017 914.652314 939.982376 963.992840 986.505088 1007.363440 1026.420659 1043.547397 1058.631438 1071.577950 1082.308237 1090.754036 1096.859375 1100.586590 1101.912266 1100.828106 1097.344104 1091.486540 1083.294789 1072.817580 1060.117918 1045.271621 1028.367181 1009.509545 988.819647 966.438400 942.526843 917.256923 890.818561 863.411608 835.235449 806.488986 777.370450 713.192869 653.600550 
661.794229 695.593413 728.211312 754.285909 780.048691 805.318119 829.916528 853.670047 876.416329 897.982770 918.209541 936.956257 954.091941 969.499505 983.076620 994.732993 1004.394909 1011.999332 1017.497005 1020.851736 1022.041707 1021.061170 1017.917995 1012.632922 1005.241029 995.788480 984.333426 970.947253 955.714758 938.733141 920.113494 899.983157 878.483350 855.765824 831.996145 807.345777 781.985498 756.086998 729.822114 670.988735 616.384874 
622.831956 654.479059 684.772558 708.316323 731.549813 754.317909 776.464401 797.836834 818.294310 837.690167 855.883309 872.746626 888.163480 902.029617 914.252995 924.749193 933.449741 940.297362 945.247767 948.266205 949.335511 948.448838 945.610711 940.840769 934.171730 925.644481 915.312402 903.242935 889.514044 874.213965 857.444029 839.318656 819.962229 799.509195 778.103888 755.893674 733.026819 709.653147 685.921559 631.931148 581.858496 
586.733890 616.372999 644.553458 665.851831 686.841745 707.392433 727.366543 746.629610 765.057606 782.524827 798.907731 814.092514 827.975717 840.464474 851.474902 860.930280 868.768211 874.936899 879.394388 882.113229 883.074547 882.270877 879.707229 875.401497 869.382853 861.687663 852.366076 841.479457 829.097789 815.301606 800.182360 783.842946 766.393271 747.951338 728.643742 708.598734 687.945392 666.814694 645.335567 595.734583 549.776920 
553.252028 581.018579 607.272569 626.574487 645.570864 664.151773 682.197208 699.588169 716.214409 731.967144 746.738805 760.429105 772.945474 784.204155 794.129379 802.653339 809.719244 815.278999 819.297943 821.748255 822.611504 821.882883 819.566623 815.677002 810.242014 803.293907 794.878424 785.051246 773.874694 761.422710 747.777274 733.029365 717.276485 700.622613 683.179470 665.059179 646.373683 627.237304 607.763329 562.143709 519.924295 
522.163834 548.183191 572.676278 590.199091 607.421430 624.249164 640.578984 656.305891 671.331048 685.559202 698.897302 711.256598 722.553966 732.714880 741.671470 749.363868 755.738410 760.756778 764.382615 766.591209 767.367292 766.706469 764.611225 761.095224 756.184155 749.905746 742.301662 733.422474 723.324250 712.073622 699.742973 686.413081 672.171139 657.108698 641.324593 624.916380 607.981206 590.620886 572.937132 530.932294 492.109268 
493.266660 517.656748 540.535996 556.470064 572.110903 587.376326 602.177978 616.423779 630.024479 642.896065 654.957945 666.131425 676.342240 685.524480 693.617525 700.566285 706.326894 710.859653 714.133090 716.126194 716.825095 716.224220 714.328024 711.147982 706.706651 701.027860 694.149871 686.119277 676.984799 666.805915 655.647885 643.581924 630.685984 617.041613 602.734651 587.850060 572.476057 556.703307 540.620058 501.896857 466.160242 
466.378200 489.248413 510.646003 525.158380 539.387521 553.259781 566.698446 579.623469 591.955351 603.619397 614.544454 624.661221 633.903971 642.213614 649.534941 655.822784 661.033178 665.130892 668.090931 669.891870 670.521668 669.976630 668.260183 665.381991 661.360818 656.218618 649.990940 642.718127 634.443348 625.220662 615.108410 604.170416 592.476058 580.095183 567.104155 553.580797 539.602816 525.247897 510.594694 474.853280 441.924092 
441.333177 462.785615 482.820576 496.059513 509.026522 521.654183 533.875477 545.621657 556.822461 567.409870 577.321093 586.495415 594.874509 602.404305 609.039740 614.735961 619.454397 623.166426 625.846800 627.476968 628.047597 627.554307 625.999290 623.390563 619.745299 615.083529 609.436871 602.840370 595.333546 586.965082 577.788249 567.858293 557.233648 545.979060 534.165374 521.858473 509.125613 496.038025 482.666344 449.637117 419.263204 
417.981544 438.112355 456.892425 468.987671 480.823669 492.338410 503.471877 514.164843 524.355097 533.981495 542.988244 551.321193 558.928528 565.765172 571.787851 576.954524 581.237060 584.604443 587.036594 588.516740 589.036109 588.589683 587.178378 584.810670 581.502189 577.269956 572.142995 566.151461 559.331705 551.728920 543.386747 534.352325 524.683280 514.438003 503.675126 492.453297 480.834705 468.883004 456.660561 426.100103 398.053384 
396.186266 415.085056 432.708117 443.776348 454.597201 465.114986 475.275637 485.026439 494.312485 503.080104 511.278937 518.860082 525.780615 531.998324 537.471981 542.170623 546.062867 549.124583 551.336398 552.684233 553.157698 552.752817 551.470754 549.320194 546.313786 542.466448 537.804403 532.354010 526.150759 519.229337 511.628305 503.397321 494.585174 485.239174 475.414225 465.164561 454.544184 443.610343 432.419178 404.107384 378.181688 
375.823632 393.574283 410.129778 420.273818 430.182450 439.806134 449.094993 458.001325 466.477946 474.477426 481.953751 488.865036 495.172416 500.835142 505.823141 510.102501 513.648279 516.438229 518.455153 519.684909 520.118002 519.751772 518.587567 516.631808 513.895847 510.392432 506.146253 501.183004 495.527177 489.212141 482.279385 474.767597 466.717283 458.175325 449.190687 439.810889 430.084695 420.063620 409.798612 383.537755 359.546467 
356.780691 373.460625 389.029452 398.342255 407.430361 416.250170 424.756508 432.906929 440.658904 447.969847 454.801083 461.115099 466.872478 472.043619 476.596736 480.503540 483.740184 486.288591 488.131379 489.256278 489.655074 489.325582 488.267417 486.486549 483.992868 480.798550 476.928466 472.395755 467.228591 461.462023 455.125131 448.252715 440.884965 433.062909 424.830069 416.229795 407.305639 398.104826 388.672047 364.280278 342.053729 
338.954803 354.636389 369.292200 377.856199 386.206054 394.303191 402.107219 409.579735 416.682004 423.377645 429.632674 435.410077 440.679175 445.410230 449.574729 453.148978 456.111505 458.445300 460.133403 461.166122 461.536447 461.240149 460.277962 458.654882 456.379675 453.466396 449.926045 445.779871 441.055825 435.776423 429.970302 423.672212 416.915247 409.737798 402.178814 394.276994 386.072506 377.605413 368.915949 346.231324 325.619337 
322.253398 337.002908 350.812690 358.702680 366.388007 373.834281 381.006895 387.870748 394.391083 400.536587 406.274087 411.573619 416.405560 420.742228 424.560852 427.839430 430.558165 432.700218 434.251949 435.204953 435.550810 435.286323 434.411789 432.931845 430.857013 428.188096 424.947047 421.152321 416.820802 411.977139 406.648336 400.863189 394.653067 388.051694 381.094925 373.817992 366.254441 358.442903 350.424619 329.303357 310.166504 
306.590702 310.116925 322.692488 329.313872 335.714082 341.864953 347.737019 353.302044 358.532926 363.401097 367.881842 371.954878 375.596873 378.791394 381.522531 383.777213 385.542540 386.811560 387.580077 387.843841 387.603856 386.862022 385.624839 383.904556 381.700421 379.031289 375.915880 372.363567 368.395952 364.034045 359.297826 354.213787 348.804894 343.099288 337.124508 330.904473 324.468483 317.849393 311.074044 291.166205 295.622617 
308.051669 295.602823 301.637948 307.465432 313.054729 318.380126 323.414121 328.131477 332.507354 336.512308 340.127607 343.334056 346.116237 348.461327 350.360230 351.803083 352.784955 353.307016 353.371487 352.979750 352.141374 350.865042 349.164823 347.060547 344.541687 341.660137 338.408848 334.815365 330.899712 326.678805 322.177908 317.418149 312.420824 307.212495 301.810933 296.238824 290.523751 284.687957 278.749629 272.731143 308.918020 
