23639.644337
23928.857545
24797.179337
26238.734042
28212.969286
30580.523734
32839.251534
32215.179859
18370.909559
1192.351714
1402.150668
-17887.238157
-45082.077835
-39786.785051
-23675.341115
-27484.858800
-6553.168977
-6523.806997
-17746.237456
1714.827318
690.328330
1060.954055
-162.274200
-1077.378928
-1553.376946
-1625.473864
-1584.900676
-1457.098851
-1261.563602
-1017.632236
-735.174191
-417.454084
-81.026528
-179.433846
-455.443512
-471.188524
-608.979293
-663.319005
-640.806955
-622.339003
-474.235467
-348.806921
-271.641100
-255.132020
-273.162812
-340.631256
-495.573621
-640.302201
-783.739822
-1034.958756
-1429.655459
-1753.663542
-1874.753691
-1908.897198
