36206.104937
36903.186027
39063.661266
42907.270264
48843.290767
57538.250873
69836.460474
84702.897006
90103.158727
57800.985038
-19403.546085
-94594.748943
-126695.062813
-130457.067480
-135069.249405
-143768.401933
-125823.255312
-52924.767623
34944.191415
72822.088867
62250.217834
41044.559479
25951.723816
16824.022455
11230.849920
7673.036112
5333.907215
3753.329118
2660.820052
1891.341819
1340.888636
942.053170
650.067000
434.554131
274.512749
155.179742
66.023833
-0.566552
-50.157240
-86.860931
-113.745268
-133.117445
-146.725365
-155.901777
-161.669080
-164.816035
-165.953823
-165.557487
-163.997284
-161.562485
-158.479321
-154.924868
-151.037866
-149.026465
