26166256205.008579
26014241738.389053
25717202761.136456
25244950766.170574
25097180784.036060
25022196147.080387
24747715619.529560
24505307555.245228
23775802862.295078
23688805271.556587
23203104267.667183
22138855543.335003
21512841109.257488
21378095488.081600
21095972752.968342
20358413302.030525
19983392977.605061
19207106099.817745
18916417214.700298
18638678326.989155
17826876218.410755
17665048520.410229
17579174331.919075
17393550400.883583
16839916158.295124
16780260391.018711
16299912117.467775
16190176585.091862
15874848213.175621
15680471566.458254
15615890436.148499
15286946911.533415
15133632235.814590
15034202418.020203
14587707029.888613
14291300939.813087
14256901254.392300
14181043157.969213
14089687984.703382
13842999673.806787
13803737640.244987
13573493572.136534
13456337374.436583
13376426800.879986
13262033737.292686
13176204208.366573
13140023006.697657
13100877570.375923
13078037031.635290
13065923555.456532
12960821336.569658
12929723843.490393
12847462448.872427
12684685080.084702
12374485095.470057
12337226058.526400
12219104575.591024
12212746565.953569
12161582351.611233
12124646163.081051
12106556971.690699
11924036699.670689
11913721398.137852
11862443673.558002
11711420852.362427
11683932743.743464
11646960773.345188
11532009148.826082
11289357692.736860
11242301119.300220
11189219441.468906
11090002456.923912
11074283386.890835
11049831092.062366
10930325553.430279
10907977418.124237
10791648045.177578
10777780733.907896
10640166365.271646
10630804953.785896
10621129516.778282
10601502805.053249
10579197065.515875
10495407799.795401
10475532334.027088
10456173926.722738
10419043104.998144
10401257454.771160
10380039256.100609
10374923523.770836
10346954450.222975
10318672563.648954
10297066726.591017
10282665358.746511
10256363921.472254
10244291341.867100
10231752812.035151
10217541333.213299
10191969540.832838
10182173129.326124
10160501138.920393
10141129823.049906
10130110216.621738
10116003447.202875
10095879199.817995
10078180472.712940
10065410933.118191
10051152301.654436
10029781916.550039
10021839957.215269
10008174713.887344
9990545546.151499
9977763495.900904
9969482871.621052
9956279501.000231
9945785459.366096
9939735267.665670
9933599314.272778
9923891535.610765
9913803007.126736
9902909011.621002
9899533724.366411
9895373149.971264
9885972017.718641
9877828027.122643
9868223982.924320
9859141090.281811
9853398964.148540
9847130814.595020
9841476359.478432
9834061974.866638
9830560160.366777
9826530178.246552
9819550420.131403
9812720755.514711
9808890204.945976
9804541472.702234
9800938383.450003
9794139854.921648
9792885972.582695
9787991880.669575
9784855115.382198
9782773178.143337
9666773690.356392
9667144520.743429
9660158520.115280
9657704921.270876
9655294755.565599
9650620969.801884
9649350846.208836
9643712803.697306
9639254329.756632
9636411493.454065
9634957372.961124
9630920798.294804
9629536490.839346
9625033515.582312
9624162966.931595
9617059544.432627
9609951058.301029
9605346106.305458
9602726145.064571
9597765770.545170
9596248462.961395
9591774250.682838
9588292348.905766
9586646251.587608
9581112247.234837
9580170435.980181
9577304703.245962
9575664333.643682
9570735336.946398
9567297331.806301
9476135868.216568
9472628174.359150
9469793089.169098
9464511180.872305
9462874481.102253
9459943782.758112
9455541636.521706
9454424649.151428
9452521373.224091
9446423061.404917
9443995378.590824
9440783001.992189
9436499157.231710
9434739314.433882
9428864000.074507
9427693908.754143
9425830118.662109
9422113238.342245
9418224204.337833
9414861550.359934
9411980631.884699
9407856324.882036
9406894694.445309
9402049570.636135
9398346678.131315
9397748031.579851
9394510815.826963
9392527671.443327
9390470655.716944
9386228928.822048
9385591631.630806
9384049611.571232
9382618122.564274
9379990173.425314
9379064311.719027
9377164438.952000
9374029387.981981
9374144176.621620
9372899515.964680
9371445634.217422
9369575740.270382
9368038991.243999
9365282297.800266
9365072037.913849
9364005467.743141
9363149696.446594
9235844250.088648
9240425337.911930
9238914269.907070
9233895503.919830
9233513928.100552
9230289240.108768
9229670194.525932
9228141276.779505
9227687957.436787
9226903323.309061
9225550713.145388
9225048052.398396
9220616045.195333
9218576154.847029
9218678349.878210
9216018323.242483
9215069924.891277
9080372186.406387
9084848846.624216
9083549508.278570
9080880887.137430
9081028264.256638
9080252103.979330
9076961515.838671
9075903710.989176
9075296903.885050
9072456052.737547
9070094661.757452
9069747283.112049
9068588931.584661
9065725849.694189
9064979676.148266
9062876053.675528
9060832868.767660
9057900698.248606
9057800935.764168
9055318887.374052
9054780774.497147
9052540360.562523
9052174951.395548
9050579174.733862
9049349928.381344
9046785848.032967
9044310837.491512
9043865306.367102
9043090110.752390
9039758584.540869
9039309486.492386
9036402083.494707
9034266012.513599
9033125484.165319
9032045311.176374
9031348236.847471
9028611069.072409
9028559532.846872
9026604623.257870
9025855826.970381
9024352594.030478
9021957573.188921
9021179963.059162
9020638445.188396
9019790774.217556
9019022664.842058
9018350367.831070
9015257269.513042
9014883386.573589
9014182100.536814
9013535359.208515
9012546905.774963
9011329598.701401
9007431701.879759
9007701759.828495
9006887861.174791
9005726763.055782
9002526276.892471
9001000840.979574
8999178885.622881
8998517162.534563
8997023780.023224
8994770718.994856
8993818092.328714
8992701416.748108
8992550731.435768
8989215595.736248
8989793167.521019
8988509312.353376
8987510428.269445
8986887714.022264
8985850362.460686
8981841179.598984
8981753473.970993
8981074960.717077
8980204795.985605
8979200504.826376
8977734895.736904
8976101540.488775
8976529535.386602
8973844228.591951
8973449966.025425
8972421542.281370
8971068721.299845
8970540765.211288
8968890311.099115
8965783643.827211
8966642171.674231
8964482585.186195
8964308348.952898
8964082544.229759
8962135279.767111
8960908151.867376
8960416578.866526
8958696507.257721
8957081875.094658
8955648713.752131
8955097933.048561
8954169118.368134
8951591636.418943
8952172125.519415
8947235582.805771
8945891349.682743
8946406467.806496
8944153579.690817
8944499619.254030
8944017782.318306
8942753189.934454
8942510607.604128
8941844594.835649
8938377382.272034
8940743351.858095
8938685979.910093
8937905399.148447
8939494223.711817
