-216000.000000
-198386.534645
-182209.338558
-167351.292854
-153704.828971
-141171.149897
-129659.514907
-118994.105763
-109064.698165
-99963.845348
-91622.408945
-83977.019809
-76969.596599
-70546.904547
-63394.425231
-56592.944770
-50521.183623
-45100.851440
-40262.057512
-35942.409586
-32067.054541
-28490.203692
-25312.325003
-22488.915978
-19980.438060
-17751.762934
-15771.680596
-13997.267249
-12409.015687
-11000.980948
-9752.714064
-8646.086386
-7665.026301
-6795.285816
-6040.892655
-5372.369055
-4777.828528
-4249.083637
-3778.853019
-3360.661111
-2988.686685
-2657.718020
-2363.400991
-2101.676778
-1868.936036
-1661.969120
-1477.921825
-1317.621804
-1176.512546
-1050.515228
-938.011455
-837.556149
-747.858994
-667.767857
