-0.000000 -0.000000 -0.000000 -0.000000 -0.000000 -0.000000 -0.000000 -0.000000 -0.000000 -0.000000 -0.000000 -0.000000 -0.000000 -0.000000 -0.000000 -0.000000 -0.000000 -0.000000 -0.000000 -0.000000 -0.000000 -0.000000 -0.000000 -0.000000 -0.000000 -0.000000 -0.000000 -0.000000 -0.000000 -0.000000 -0.000000 -0.000000 -0.000000 -0.000000 -0.000000 -0.000000 -0.000000 -0.000000 -0.000000 -0.000000 -0.000000 
509.072200 547.647320 631.551060 729.567213 842.403023 969.545145 1109.634235 1259.011559 1411.179066 1556.907983 1683.605795 1776.148036 1818.612459 1796.846398 1701.651318 1531.245402 1292.290773 998.767801 668.163196 318.513111 -33.983465 -377.613087 -705.613660 -1012.023254 -1286.603432 -1514.449755 -1680.667001 -1776.078529 -1800.249559 -1760.990214 -1671.630187 -1547.717890 -1404.210198 -1253.716558 -1105.729093 -966.636013 -840.168274 -728.008036 -630.383084 -546.817041 -508.478964 
1011.402291 1088.408954 1256.378602 1453.469662 1681.200988 1939.686380 2226.309676 2534.351315 2851.503039 3158.618067 3429.611464 3632.129800 3731.344893 3695.545326 3503.303121 3150.567192 2653.219953 2043.192988 1359.694259 641.246576 -77.704471 -773.495899 -1437.671371 -2064.388130 -2633.500788 -3109.645012 -3456.321638 -3651.296259 -3693.670701 -3601.776445 -3405.972127 -3140.647877 -2837.950499 -2524.239304 -2218.768132 -1934.049309 -1677.012466 -1450.387396 -1254.138955 -1086.883862 -1010.298450 
1499.765552 1614.876837 1866.959931 2164.598748 2511.372604 2908.802314 3354.603222 3840.284147 4348.292749 4849.726447 5302.809338 5653.803174 5841.866210 5809.198629 5515.559803 4952.902312 4152.114667 3174.956279 2091.888996 965.366827 -146.255812 -1204.193815 -2213.370127 -3187.592284 -4097.801612 -4871.804758 -5433.129537 -5737.174215 -5783.624549 -5608.659978 -5268.591600 -4824.058322 -4329.140539 -3826.057043 -3344.073615 -2900.969943 -2505.542908 -2160.302770 -1863.797398 -1612.830305 -1498.300634 
1966.062836 2118.618219 2454.004863 2853.641664 3324.357274 3871.076369 4494.082523 5185.503851 5924.740880 6673.736434 7372.702772 7939.123833 8273.871643 8276.856213 7873.599351 7046.623272 5855.495431 4420.926933 2866.197124 1271.076005 -270.420256 -1681.103948 -3020.775285 -4381.831756 -5726.020357 -6899.906034 -7743.974166 -8173.898976 -8195.991118 -7881.414578 -7330.232676 -6642.522148 -5901.689023 -5168.412297 -4481.445373 -3861.726921 -3317.429216 -2848.519916 -2450.240315 -2116.212539 -1964.463626 
2401.230631 2589.608378 3006.049694 3507.746446 4106.690156 4813.795111 5635.585372 6569.210644 7595.603427 8670.212913 9713.459517 10604.886609 11186.777583 11285.475222 10757.980791 9560.487373 7808.298220 5759.101170 3652.124179 1510.052479 -524.004843 -2203.769694 -3765.407981 -5566.188092 -7537.212397 -9320.126517 -10576.064947 -11155.942510 -11095.979473 -10540.771677 -9667.466954 -8636.778383 -7571.064007 -6551.031210 -5622.052727 -4803.763832 -4099.278364 -3502.302354 -3002.052206 -2587.142203 -2399.680966 
2794.877810 3016.405503 3509.068739 4109.910540 4838.246143 5714.549083 6756.856721 7974.876424 9359.397853 10866.896727 12400.764320 13792.864563 14796.045338 15105.900500 14434.372626 12651.667705 9966.974363 6992.501377 4366.863167 1628.328524 -1111.651372 -2750.794658 -4111.199414 -6450.758900 -9490.966857 -12322.196671 -14225.412363 -14974.353725 -14710.285527 -13734.199177 -12358.892582 -10836.069711 -9336.351491 -7957.604607 -6743.869511 -5704.796127 -4831.046203 -4104.650287 -3505.236393 -3014.179999 -2793.638761 
3135.885627 3386.348485 3946.674338 4638.661509 5491.148114 6538.282042 7816.894051 9360.018598 11182.980832 13260.354694 15490.967254 17655.071788 19377.450599 20125.967024 19300.029770 16486.396137 11942.950012 7161.811804 4837.427428 1871.438340 -2704.038606 -3278.114888 -2915.955867 -6181.280404 -11402.702715 -16214.165927 -19166.337455 -20053.098620 -19329.996931 -17619.586389 -15462.721166 -13237.588758 -11164.749277 -9345.654943 -7805.815126 -6529.828592 -5484.852451 -4634.088729 -3943.402935 -3384.676643 -3135.252301 
3413.111327 3686.461047 4301.083032 5068.711483 6029.171534 7233.770809 8745.324662 10632.897217 12956.706740 15736.060641 18892.828727 22168.480381 25026.476493 26574.684451 25589.694266 20819.581874 11888.033457 1283.569027 4372.715349 4921.772503 -7971.491569 -3775.402472 4262.544850 -2078.207270 -12376.492149 -21104.150152 -25755.826579 -26658.043714 -25059.176017 -22174.378603 -18886.616476 -15725.635328 -12945.780599 -10623.108613 -8737.263542 -7227.460892 -6024.412296 -5065.297251 -4298.722023 -3685.641199 -3413.379173 
3616.910350 3905.043642 4554.926675 5372.750948 6407.862003 7727.756795 9421.404435 11597.440749 14369.924541 17819.440704 21914.743179 26384.184775 30534.172797 33032.135028 31697.390067 23412.273782 4182.032333 -36710.122208 -970.297732 31040.383372 -29839.188271 -6058.393511 36269.064573 13712.747583 -8792.181454 -25032.009272 -32396.607434 -33339.965079 -30665.670165 -26436.564585 -21932.248365 -17822.186703 -14367.097304 -11593.005900 -9417.071933 -7724.183831 -6405.181268 -5370.919271 -4553.832496 -3905.346285 -3618.277243 
3740.841892 4034.055348 4695.043478 5527.115370 6582.859504 7935.429281 9683.651219 11951.900649 14876.650848 18565.139484 23008.260258 27930.243410 32563.173207 35332.374224 33411.231449 22184.569931 -2952.509377 -13964.708368 -32540.388112 2636.218437 21618.464607 -38048.401520 11703.549838 51529.359942 3295.113528 -23827.046401 -34306.897939 -35737.051115 -32739.969670 -28006.533499 -23040.153309 -18577.533910 -14880.718670 -11952.649668 -9683.308368 -7934.963350 -6582.616619 -5527.212023 -4695.494163 -4035.699758 -3743.512385 
3784.055392 4072.216454 4718.480877 5524.780721 6538.091556 7821.531387 9457.734134 11546.513380 14190.019298 17454.266969 21293.452388 25426.520337 29168.191873 31244.170932 29693.123722 22279.975416 9140.302171 1259.989960 -3073.612909 -2235.454069 -4948.299297 -15265.105556 3990.247693 16034.118920 -4745.940689 -21778.970897 -29874.544477 -31430.554472 -29281.013192 -25486.808177 -21324.619894 -17470.489910 -14198.855223 -11551.826847 -9461.392402 -7824.385653 -6540.566580 -5527.084012 -4720.694474 -4075.373044 -3788.200866 
3752.311716 4026.449611 4635.742881 5383.212457 6304.571847 7443.775252 8853.249702 10588.054170 12690.413846 15157.936869 17890.090996 20612.287732 22791.401048 23586.050709 21934.480159 17013.729259 9464.291438 2841.041075 -2293.790513 -5414.306651 -9935.776111 -3737.862917 8547.129714 5290.808795 -5926.393522 -15917.428820 -21683.332419 -23567.877662 -22820.687719 -20642.527382 -17913.239748 -15174.729339 -12702.810835 -10597.612093 -8860.927548 -7450.151368 -6309.996061 -5387.922873 -4639.899151 -4031.274889 -3758.043853 
3656.453999 3909.895469 4466.515628 5134.378298 5937.175410 6899.619686 8045.868849 9392.030406 10932.150504 12615.045347 14310.883125 15773.361160 16613.096559 16316.927591 14373.555292 10575.075823 5454.584091 289.862042 -4527.684998 -4993.619374 -12080.000577 57.165322 14405.258555 3807.579030 -3488.311607 -9738.860505 -14062.395623 -16220.805036 -16597.288485 -15784.574647 -14329.213356 -12633.562828 -10948.727673 -9406.231079 -8057.902454 -6909.781597 -5945.750964 -5141.661944 -4472.745605 -3916.473873 -3663.848763 
3509.972700 3738.544776 4233.538404 4812.221317 5488.081542 6270.583568 7163.231961 8156.373294 9215.848911 10266.698688 11173.354683 11721.748933 11617.066887 10523.237088 8187.703551 4695.223764 794.326861 -2030.028596 -2084.164033 914.972577 -1195.781201 -1841.012325 2596.296961 2592.593157 -222.693610 -4299.411386 -7978.332255 -10438.113686 -11598.333209 -11733.108065 -11195.738159 -10291.167512 -9238.667558 -8176.332330 -7180.203614 -6284.842415 -5499.999877 -4822.187647 -4241.909899 -3746.916087 -3519.071166 
3327.007112 3528.776927 3958.962163 4447.448411 5000.083401 5615.628169 6284.338900 6981.817571 7660.253211 8236.391968 8577.957799 8491.120959 7716.345349 5953.621646 2974.610529 -1059.025039 -5035.275582 -6580.277051 -2138.994172 17230.588640 6127.003957 -14708.055449 -3488.508923 4091.772061 4584.582595 1146.036343 -2863.906737 -5908.959215 -7721.275506 -8519.951958 -8614.291503 -8272.065651 -7692.035566 -7008.882310 -6306.874767 -5634.266739 -5015.460047 -4460.129071 -3969.476125 -3538.927230 -3337.759097 
3120.769433 3295.706405 3662.380860 4065.645323 4506.285667 4976.349975 5458.749659 5922.361371 6315.121906 6554.695605 6516.436168 6018.095784 4799.881253 2515.692653 -1162.608000 -6023.471036 -10194.527083 -10242.890805 -3214.347731 11223.112212 31181.686401 -2764.256183 -26765.575921 1907.600235 9143.749514 6131.575003 1263.091230 -2512.822923 -4846.760469 -6079.347331 -6575.806710 -6606.473787 -6358.298286 -5957.603341 -5487.282838 -4999.466837 -4525.076552 -4080.955016 -3674.937674 -3307.533736 -3133.065081 
2902.664176 3052.165218 3359.748117 3686.472630 4030.333904 4379.862770 4715.072033 5003.796977 5196.405767 5218.631408 4961.360145 4264.615684 2892.620924 525.543366 -3039.774707 -6836.446643 -6357.065249 1153.418595 27070.229309 26024.604827 -4389.520475 -6939.967439 -23003.238969 -20577.890607 6914.483922 7571.185214 3185.168232 -598.481589 -3010.399338 -4374.214248 -5051.426279 -5289.871862 -5252.212465 -5047.535110 -4749.525016 -4407.221761 -4052.267008 -3704.169856 -3374.131969 -3065.477071 -2916.344930 
2681.918706 2808.269485 3063.046939 3323.731877 3587.327489 3841.243507 4065.742977 4231.469258 4295.887735 4198.700053 3855.990211 3151.830384 1932.382393 55.097633 -2201.618079 -2037.562297 15079.270906 1785.655300 4986.208128 5325.416376 3914.366703 15278.529826 -22204.875525 -23361.880237 -1106.894425 3718.967584 2090.370240 -343.325251 -2168.418824 -3323.860795 -3980.138644 -4289.512577 -4363.547768 -4282.812201 -4105.309380 -3872.176540 -3611.862876 -3343.395599 -3078.925218 -2822.798647 -2696.750389 
2465.500993 2571.428395 2780.497416 2986.031728 3185.287117 3366.202749 3511.256584 3596.084262 3587.597994 3442.215108 3104.844123 2509.675039 1590.147444 330.376684 -1026.136761 -1371.120685 1751.261225 3004.311808 2716.348874 7290.517107 20006.136858 2619.908015 -2677.691149 -7330.664427 -19561.300898 -3031.765842 -472.452597 -1007.820529 -1961.104752 -2737.930516 -3256.043941 -3547.535807 -3663.730258 -3652.744376 -3554.371014 -3399.614997 -3211.632432 -3007.076399 -2797.446456 -2586.841823 -2481.164757 
2258.248340 2346.621645 2517.114195 2677.767718 2826.864828 2953.822237 3044.277268 3079.545383 3036.093057 2885.946037 2598.868696 2148.291846 1526.859502 785.318014 121.168092 11.260877 1066.656999 2455.381515 3037.944007 4316.633278 5364.179810 517.556026 -1617.421209 -3508.224902 -5798.495730 -2588.702878 -1405.355602 -1462.835053 -1915.378545 -2388.909582 -2757.526559 -2995.820195 -3115.144292 -3138.181915 -3088.824957 -2988.318604 -2854.053284 -2699.503474 -2534.644608 -2362.535829 -2274.387389 
2063.206479 2136.803659 2275.379392 2400.216858 2511.035277 2599.112366 2653.393858 2660.472737 2604.936770 2470.863813 2245.119721 1923.868952 1525.328436 1111.952393 821.169283 874.749215 1451.237548 2278.508009 2694.149947 2555.763850 1708.204249 -307.114683 -1581.297009 -2361.526976 -2797.719631 -2046.953117 -1608.823712 -1613.238193 -1847.325349 -2137.162119 -2391.535163 -2574.835200 -2680.980651 -2717.529031 -2697.124527 -2633.212774 -2538.052186 -2421.924378 -2292.973948 -2152.823299 -2079.466923 
1882.028874 1943.370221 2055.916756 2152.561414 2234.581183 2295.117543 2326.068146 2318.329141 2262.539651 2150.778778 1979.591077 1754.891557 1499.558714 1262.937971 1126.345854 1186.301042 1479.776987 1847.742328 1933.979098 1502.099033 635.465945 -451.194611 -1237.179647 -1673.863572 -1831.771214 -1665.408942 -1544.982002 -1581.959305 -1731.888097 -1922.811806 -2102.084186 -2241.555676 -2330.997590 -2370.866807 -2367.033229 -2327.494935 -2260.501174 -2173.573600 -2073.084947 -1959.120049 -1898.072073 
1715.322003 1766.597628 1858.114893 1932.747701 1993.253407 2034.428000 2050.536618 2035.661425 1984.491410 1893.762346 1764.443628 1604.737102 1433.574999 1283.154050 1195.979023 1208.341189 1311.931369 1406.480861 1312.332931 908.888549 281.036516 -385.977469 -901.605507 -1215.920570 -1361.926005 -1383.103332 -1399.397561 -1468.774139 -1587.198136 -1726.682584 -1859.797720 -1968.179459 -2042.852079 -2081.811254 -2087.367706 -2064.081046 -2017.344711 -1952.515348 -1874.437842 -1781.746797 -1730.843352 
1562.959092 1606.015651 1680.626243 1738.127375 1782.567532 1810.096307 1816.743396 1798.774736 1753.349527 1679.569724 1579.819434 1461.292016 1337.161369 1226.156393 1148.268645 1113.822469 1105.673246 1064.914908 906.469068 582.890833 146.958968 -296.883815 -661.290811 -915.037095 -1071.674044 -1163.512313 -1239.042059 -1327.525548 -1432.946712 -1545.033960 -1650.251371 -1737.709661 -1800.984924 -1837.760142 -1848.719486 -1836.415794 -1804.338791 -1756.255197 -1695.787254 -1620.298927 -1577.707123 
1424.342310 1460.703853 1521.738437 1565.889817 1598.272139 1616.075185 1616.574991 1597.446924 1557.236391 1496.042892 1416.256716 1323.150290 1224.994482 1131.857833 1052.188909 986.753134 921.219552 823.406708 654.922515 399.859661 87.691062 -227.649173 -501.523569 -714.742345 -871.390645 -988.320063 -1087.506920 -1184.014835 -1282.112266 -1378.365399 -1466.309473 -1539.836742 -1594.806548 -1629.350625 -1643.536756 -1638.817752 -1617.470345 -1582.142995 -1535.529580 -1473.932542 -1438.132845 
1298.605238 1329.507977 1379.621681 1413.326430 1436.576863 1447.329159 1443.704676 1424.244098 1388.217472 1336.010460 1269.511996 1192.230774 1108.994529 1024.910357 943.124494 861.778459 771.367539 655.293693 496.920279 292.145655 57.287477 -179.899091 -395.420108 -577.172202 -725.091756 -846.723475 -952.302057 -1049.588437 -1141.624757 -1227.454273 -1304.042731 -1368.077805 -1417.058086 -1449.693777 -1465.895460 -1466.540291 -1453.152193 -1427.613958 -1391.937041 -1341.569279 -1311.321927 
1184.752759 1211.190241 1252.482757 1277.963551 1294.223550 1299.764379 1293.270630 1273.791370 1240.949176 1195.117599 1137.600329 1070.604032 996.809132 918.686016 837.218145 750.436523 652.746302 536.020227 393.426244 224.887769 39.735569 -147.277579 -322.754004 -478.879510 -614.067505 -731.122501 -834.630452 -928.452530 -1014.420934 -1092.356702 -1160.825886 -1218.060505 -1262.613006 -1293.675078 -1311.172516 -1315.686649 -1308.277575 -1290.311317 -1263.303924 -1222.036866 -1196.339881 
1081.751615 1104.519568 1138.650937 1157.615130 1168.467214 1170.087666 1161.534952 1142.153010 1111.716637 1070.502740 1019.324999 959.515397 892.534914 819.536065 740.745611 654.771686 558.604197 448.514962 322.008169 180.203881 28.719467 -124.191304 -270.721968 -405.703365 -527.196364 -635.783009 -733.267841 -821.400454 -901.124009 -972.412513 -1034.547598 -1086.580343 -1127.693921 -1157.417966 -1175.736036 -1183.072946 -1180.199169 -1168.131524 -1148.026573 -1114.159320 -1092.204137 
988.593124 1008.325533 1036.612902 1050.384063 1057.014451 1055.648351 1045.591951 1026.369569 997.805546 960.077557 913.662192 859.327016 797.887517 729.886837 655.350598 573.494550 482.864447 381.942730 270.119596 148.741929 21.396845 -107.005495 -231.682092 -349.110680 -457.455732 -556.339840 -646.213643 -727.694517 -801.144662 -866.492739 -923.324169 -971.109666 -1009.389600 -1037.906724 -1056.696001 -1066.091633 -1066.676416 -1059.226597 -1044.637003 -1016.808667 -997.943423 
904.327218 921.528648 945.021145 954.635645 957.948569 954.296546 943.145697 924.138948 897.115931 862.167957 819.569703 769.745735 713.177470 650.155086 580.698078 504.477351 420.922771 329.596246 230.682858 125.449743 16.326189 -93.569362 -201.139827 -303.901123 -400.261554 -489.485156 -571.388813 -646.003277 -713.339320 -773.242655 -825.419939 -869.549605 -905.364936 -932.731928 -951.716621 -962.591753 -965.813219 -961.986578 -951.814355 -928.932522 -912.630976 
828.074933 843.149331 862.686839 868.965542 869.663970 864.267162 852.343089 833.615373 807.940516 775.339332 735.974317 690.081195 637.965244 579.825322 515.730290 445.644377 369.476001 287.294724 199.594389 107.486016 12.704712 -82.639565 -176.425304 -266.836244 -352.539950 -432.714178 -506.903413 -574.853867 -636.378854 -691.256451 -739.239718 -780.106981 -813.690536 -839.921034 -858.875782 -870.780495 -876.000454 -875.015237 -868.383452 -849.565747 -835.401590 
759.030985 772.307280 788.566550 792.166325 790.808635 784.090416 771.656755 753.281262 728.842411 698.318913 661.807671 619.451624 571.462652 518.011621 459.221059 395.224935 326.175559 252.365872 174.383303 93.180654 10.053786 -73.486570 -155.908667 -235.837951 -312.172943 -384.121363 -451.134129 -512.835104 -568.938148 -619.181381 -663.337381 -701.230338 -732.739832 -757.827674 -776.568866 -789.149723 -795.865386 -797.100091 -793.303764 -777.833883 -765.459873 
696.463796 708.213972 721.747263 723.198509 720.233320 712.531483 699.804789 681.857319 658.589600 629.964640 596.041255 556.920002 512.762926 463.734901 409.999098 351.776182 289.331737 223.042778 153.496591 81.506002 8.073686 -65.666770 -138.556853 -209.523453 -277.658179 -342.242741 -402.719901 -458.675895 -509.786390 -555.773585 -596.419682 -631.569543 -661.125203 -685.061192 -703.441170 -716.417340 -724.229151 -727.187112 -725.656649 -712.950133 -702.081916 
639.714759 650.166397 661.429797 661.161324 656.952758 648.540935 635.696199 618.249286 596.113421 569.255115 537.714121 501.571040 460.961522 416.049917 367.023970 314.139414 257.703633 198.111950 135.912840 71.798324 6.567368 -58.895981 -123.682616 -186.933456 -247.896621 -305.937705 -360.531227 -411.269972 -457.824929 -499.918023 -537.340472 -569.948998 -597.655064 -620.434810 -638.337612 -651.487013 -660.077317 -664.358988 -664.630367 -654.208080 -644.612215 
588.196661 597.539363 606.909585 605.272053 600.116232 591.218696 578.396984 561.509726 540.479604 515.280897 485.947818 452.552838 415.215546 374.098845 329.400709 281.382310 230.356705 176.706871 120.927762 63.608845 5.403162 -52.979501 -110.806690 -167.375625 -222.058903 -274.304588 -323.635657 -369.669403 -412.089844 -450.631502 -485.095881 -515.347055 -541.300185 -562.928810 -580.268325 -593.416718 -602.531226 -607.813778 -609.508292 -600.975676 -592.459294 
541.386953 549.775106 557.565766 554.849839 548.985292 539.785161 527.099980 510.816190 490.867568 467.235806 439.955280 409.095397 374.765629 337.123755 296.368010 252.750496 206.571004 158.186531 108.036001 56.622613 4.490926 -47.777363 -99.579202 -150.329569 -199.503312 -246.622341 -291.259396 -333.065333 -371.747918 -407.059350 -438.811227 -466.875701 -491.170747 -511.663976 -528.378462 -541.390779 -550.826854 -556.849607 -559.658265 -552.688599 -545.090546 
498.814996 506.378985 512.850753 509.295655 502.917090 493.561507 481.103545 465.453389 446.559445 424.409449 399.037836 370.513668 338.939254 304.465324 267.283370 227.628949 185.780093 142.062227 96.861819 50.610166 3.766887 -43.182040 -89.732540 -135.394650 -179.723783 -222.303713 -262.757672 -300.773187 -336.083092 -368.459456 -397.727078 -423.766391 -446.496342 -465.878766 -481.927618 -494.701126 -504.298005 -510.850422 -514.521144 -508.843299 -502.028096 
460.061579 466.910537 472.279160 468.082887 461.349300 451.954633 439.795198 424.798918 406.928051 386.176450 362.578956 336.203817 307.149038 275.555807 241.604172 205.510821 167.528989 127.951895 87.118286 45.398385 3.186305 -39.107460 -81.060165 -122.254220 -162.309430 -200.865972 -237.592474 -272.210456 -304.479245 -334.192236 -361.187432 -385.352597 -406.608840 -424.913674 -440.273124 -452.730925 -462.362661 -469.274490 -473.600471 -468.989879 -462.844327 
424.749599 430.976418 435.422863 430.747169 423.788864 414.448078 402.639957 388.306838 371.422714 351.987938 330.037525 305.638634 278.884832 249.906883 218.871157 185.975471 151.447994 115.550333 78.578544 40.854861 2.717355 -35.486796 -73.394702 -110.648738 -146.924828 -181.909217 -215.309919 -246.882085 -276.410285 -303.706842 -328.624199 -351.057175 -370.928912 -388.195418 -402.855953 -414.941530 -424.509253 -431.643566 -436.456048 -432.727274 -427.157053 
392.538369 398.225503 401.903023 396.879884 389.802475 380.587529 369.167757 355.498240 339.561860 321.364353 300.941501 278.359007 253.705357 227.099663 198.694906 168.670682 137.230799 104.607593 71.063532 36.875446 2.332894 -32.261680 -66.596979 -100.366883 -133.291865 -165.097293 -195.527457 -224.367304 -251.424106 -276.528559 -299.546027 -320.378441 -338.953239 -355.225312 -369.187378 -380.860567 -390.288496 -397.537501 -402.699236 -399.696962 -394.622215 
363.126625 368.344063 371.382651 366.119380 359.005726 349.972560 338.966563 325.953717 310.923392 293.886434 274.880477 253.967260 231.228114 206.773178 180.743307 153.299975 124.622604 94.922029 64.425710 33.371760 2.016150 -29.382198 -60.553213 -91.231856 -121.176950 -150.147952 -177.920606 -204.306239 -229.132791 -252.246386 -273.526243 -292.882332 -310.244607 -325.567520 -338.840241 -350.075837 -359.307034 -366.585414 -371.983959 -369.577489 -364.930459 
336.244262 341.051814 343.559964 338.143672 331.060038 322.251371 311.674755 299.305390 285.138853 269.190303 251.496480 232.114586 211.121246 188.618680 164.734385 139.610706 113.411710 86.321851 58.539306 30.276155 1.752339 -26.807448 -55.165708 -83.093261 -110.382367 -136.820606 -162.211975 -186.389924 -209.200563 -230.506309 -250.197663 -268.191423 -284.421792 -298.842892 -311.442110 -322.226610 -331.218030 -338.456410 -344.000744 -342.082577 -337.806372 
311.648499 316.096674 318.165777 312.668794 305.667254 297.113723 286.974362 275.231598 261.885793 246.954775 230.474611 212.499494 193.100244 172.369675 150.422119 127.390905 103.416632 78.661439 53.305125 27.530592 1.530767 -24.499430 -50.350460 -75.824320 -100.740753 -124.911621 -148.164532 -170.353227 -191.340876 -211.002811 -229.240651 -245.977845 -261.152176 -274.719810 -286.666751 -296.993289 -305.712172 -312.857476 -318.476616 -316.957161 -313.002541 
289.121769 293.254580 294.961203 289.440708 282.562243 274.286246 264.584856 253.447697 240.880522 226.901243 211.543861 194.859933 176.915204 157.793260 137.602300 116.455793 94.478913 71.821039 48.636926 25.088039 1.343852 -22.425735 -46.036618 -69.316616 -92.108894 -114.244774 -135.574724 -155.969127 -175.304859 -193.471269 -210.377865 -225.954283 -240.145839 -252.909234 -264.225254 -274.092914 -282.520300 -289.532340 -295.166914 -293.970941 -290.296376 
268.468901 272.323417 273.732032 268.235604 261.511140 253.525319 244.258563 233.706880 221.875877 208.782757 194.462624 178.965214 162.348811 144.693104 126.091070 106.645190 86.472028 65.698872 44.463381 22.909790 1.186641 -20.559189 -42.164469 -63.478674 -84.364000 -104.670957 -124.267906 -143.039475 -160.876621 -177.678808 -193.365092 -207.874055 -221.151524 -233.153965 -243.864616 -253.280857 -261.403015 -268.249626 -273.852980 -272.918159 -269.488027 
249.513099 253.123209 254.289030 248.851677 242.302566 234.616943 225.779834 215.787704 204.648768 192.383425 179.024794 164.616336 149.216587 132.894671 115.733550 97.828678 79.280544 60.204618 40.723557 20.962918 1.052755 -18.877741 -38.682533 -58.229887 -77.400179 -96.058724 -114.090854 -131.393224 -147.867223 -163.426235 -177.997603 -191.519866 -203.942596 -215.230771 -225.364806 -234.336860 -242.145972 -248.804956 -254.339739 -253.614396 -250.399019 
232.097546 235.490488 236.458036 231.109757 224.754787 217.372996 208.953099 199.495387 189.010195 177.515987 165.043851 151.640044 137.353704 122.245242 106.395773 89.886742 72.808792 55.266045 37.364643 19.216716 0.936787 -17.360437 -35.544121 -53.500687 -71.124611 -88.295890 -104.912959 -120.880816 -136.116437 -150.542948 -164.086513 -176.695907 -188.328071 -198.944918 -208.527218 -217.067166 -224.560340 -231.015351 -236.453640 -235.894641 -232.867775 
216.078416 219.279503 220.088620 214.851465 208.700187 201.621336 193.606916 184.658546 174.787168 164.011298 152.364691 139.885248 126.615466 112.618228 97.962137 82.718941 66.972247 50.814227 34.339602 17.646166 0.836763 -15.987216 -32.709893 -49.231892 -65.460142 -81.285258 -96.616534 -111.374758 -125.484487 -138.869738 -151.470057 -163.240688 -174.135227 -184.120526 -193.179382 -201.300280 -208.478346 -214.718731 -220.037814 -219.609860 -216.750220 
201.330102 204.358989 205.038753 199.929630 193.991875 187.213489 179.589911 171.126359 161.832869 151.728654 140.844604 129.214101 116.881228 103.898231 90.327073 76.235856 61.697477 46.794505 31.608954 16.230477 0.750299 -14.743627 -30.146293 -45.371306 -60.334654 -74.936542 -89.105864 -102.765830 -115.841189 -128.275884 -140.011776 -151.003401 -161.212640 -170.605603 -179.165799 -186.883326 -193.749676 -199.768425 -204.954168 -204.628078 -201.915534 
187.733243 190.608173 191.186902 186.219872 180.498029 174.014429 166.768103 158.763567 150.013969 140.537850 130.359554 119.514033 108.039238 95.982781 83.403411 70.361176 56.921189 43.155078 29.138876 14.951795 0.674463 -13.614503 -27.822059 -41.871753 -55.685899 -69.183817 -82.295545 -94.946510 -107.082496 -118.646208 -129.583137 -139.855492 -149.425011 -158.262122 -166.351662 -173.680886 -180.243010 -186.039300 -191.077287 -190.825713 -188.243602 
175.184554 177.921670 178.420547 173.602948 168.099540 161.905835 155.020977 147.453462 139.217265 130.323960 120.800081 110.678219 99.991687 88.785702 77.113113 65.028008 52.586222 39.854610 26.900964 13.794910 0.609115 -12.588329 -25.712086 -38.691460 -51.467918 -63.959096 -76.100730 -87.838033 -99.111730 -109.873530 -120.075998 -129.680567 -138.656233 -146.973453 -154.616116 -161.575502 -167.841079 -173.409782 -178.290435 -178.095604 -175.630992 
163.587684 166.201442 166.639791 161.977534 156.691796 150.780668 144.244367 137.092485 129.335169 120.985684 112.069325 102.614666 92.654555 82.230486 71.388486 60.175621 48.644885 36.856450 24.868802 12.744683 0.549650 -11.654425 -23.788065 -35.801974 -47.630384 -59.198778 -70.462268 -81.359967 -91.844736 -101.870507 -111.393283 -120.381202 -128.802131 -136.630565 -143.853498 -150.457504 -156.431666 -161.775729 -166.496135 -166.340452 -163.979775 
161.776107 159.943760 156.000710 151.496779 146.425573 140.784734 134.576240 127.806661 120.487357 112.634620 104.269754 95.419068 86.113803 76.389972 66.288114 55.852973 45.133086 34.180304 23.049237 11.796650 0.480797 -10.839264 -22.104383 -33.256038 -44.237029 -54.992159 -65.468863 -75.617787 -85.393297 -94.753917 -103.662683 -112.087417 -120.000905 -127.381001 -134.210643 -140.477786 -146.175273 -151.300636 -155.855838 -159.846976 -161.702539 
