-0.000000 -0.000000 -0.000000 -0.000000 -0.000000 -0.000000 -0.000000 -0.000000 -0.000000 -0.000000 -0.000000 -0.000000 -0.000000 -0.000000 -0.000000 -0.000000 -0.000000 -0.000000 -0.000000 -0.000000 -0.000000 -0.000000 -0.000000 -0.000000 -0.000000 -0.000000 -0.000000 -0.000000 -0.000000 -0.000000 -0.000000 -0.000000 -0.000000 -0.000000 -0.000000 -0.000000 -0.000000 -0.000000 -0.000000 -0.000000 -0.000000 
537.970102 587.536920 690.531131 806.703992 942.120140 1097.533218 1272.370603 1463.889474 1666.606459 1871.250780 2064.299865 2228.215702 2342.163250 2384.094460 2333.851354 2176.921321 1907.952685 1532.979254 1069.311012 543.145150 -14.272805 -570.079898 -1091.798983 -1549.224630 -1917.457081 -2180.269112 -2332.306331 -2379.134153 -2335.162204 -2220.267755 -2056.173883 -1863.431803 -1659.427278 -1457.454651 -1266.665035 -1092.577464 -937.838190 -803.036680 -687.379661 -584.927082 -535.686117 
1066.834671 1165.880911 1371.793350 1604.659541 1877.324774 2191.933463 2548.045432 2941.175904 3360.866176 3788.901180 4198.022700 4551.645255 4805.460719 4911.603611 4825.418681 4513.855038 3963.890490 3187.933806 2223.788198 1128.526047 -31.203104 -1187.138916 -2271.979767 -3221.681743 -3982.404963 -4518.949487 -4820.283191 -4899.674462 -4789.708701 -4534.361150 -4180.759139 -3772.592770 -3346.015827 -2927.989470 -2536.504361 -2181.913180 -1868.713557 -1597.308033 -1365.497048 -1160.680131 -1062.265568 
1577.048459 1725.286554 2033.664461 2383.830850 2796.843211 3277.598569 3827.502817 4441.977164 5107.360130 5797.559928 6471.068056 7069.587586 7519.907707 7740.096950 7650.893037 7191.336177 6335.014007 5101.516277 3556.959687 1801.053424 -54.529288 -1902.639580 -3638.167661 -5155.150538 -6360.806922 -7194.008687 -7637.196203 -7716.518297 -7491.588540 -7040.073861 -6442.580464 -5771.350838 -5083.957518 -4421.477980 -3809.772421 -3262.379716 -2783.835515 -2372.750059 -2024.232067 -1717.525681 -1570.205003 
2058.292884 2255.014817 2664.358524 3131.612005 3688.291850 4344.080016 5104.905235 5969.363357 6923.915191 7937.006549 8953.156549 9889.043847 10633.848469 11057.198608 11026.897417 10435.606473 9231.451252 7441.971226 5178.072132 2608.313339 -90.924590 -2775.643191 -5305.920567 -7518.125021 -9258.966219 -10426.447881 -10994.734038 -11013.396311 -10586.315272 -9842.587702 -8910.296517 -7898.826094 -6890.675881 -5940.809760 -5080.572230 -4323.441840 -3670.815008 -3116.820518 -2651.814465 -2244.720220 -2049.233143 
2499.368310 2742.948211 3249.818101 3831.905299 4533.940515 5373.280135 6364.432442 7514.463750 8815.825060 10236.852823 11710.931236 13126.607127 14323.622590 15100.721720 15240.786344 14555.121496 12940.563053 10431.154206 7215.601485 3591.256037 -154.079490 -3870.241209 -7414.498078 -10529.420594 -12953.780827 -14513.294007 -15171.166673 -15022.002284 -14246.521367 -13056.320778 -11649.362427 -10184.124326 -8771.227241 -7477.023898 -6333.089601 -5347.040221 -4511.959966 -3813.443263 -3234.255645 -2730.205106 -2488.137103 
2888.146620 3175.695960 3773.591008 4464.407437 5309.257272 6336.790822 7575.807465 9049.720415 10767.079519 12706.887050 14799.432724 16905.649041 18802.221604 20183.610345 20693.884626 19997.202207 17882.795825 14377.219239 9807.834232 4742.996132 -274.954271 -5231.679084 -10121.540550 -14481.438656 -17837.299486 -19877.013482 -20551.185354 -20045.753640 -18680.364008 -16802.496654 -14713.953111 -12636.721557 -10709.650295 -9002.672957 -7537.142507 -6304.905741 -5282.828373 -4442.389572 -3755.150697 -3160.627682 -2874.858622 
3212.153556 3539.018448 4217.151861 5004.628682 5982.067526 7193.430160 8688.809109 10519.243120 12725.099973 15315.339843 18235.820570 21329.647122 24299.358173 26690.239858 27921.394950 27390.162701 24657.802015 19684.586897 13025.243486 5844.968496 -528.529890 -6770.258292 -13532.302065 -19716.815406 -24432.721516 -27092.661462 -27641.053601 -26455.675957 -24112.287020 -21182.959609 -18121.075097 -15225.189199 -12653.728469 -10462.211814 -8642.833940 -7156.041579 -5951.411630 -4979.297357 -4196.060221 -3521.809470 -3196.951620 
3459.430662 3818.884014 4561.110590 5424.921078 6512.515770 7886.225600 9624.078105 11816.970339 14556.909620 17909.985339 21868.694406 26282.733704 30780.557167 34711.509459 37157.052858 37066.786314 33558.462065 26365.421296 16317.262744 5761.747689 -1104.009577 -7694.405033 -17151.286969 -26022.509447 -32832.991060 -36385.926893 -36630.198438 -34328.031562 -30504.645854 -26082.391246 -21720.702871 -17798.545746 -14471.406875 -11750.260116 -9571.220181 -7843.789755 -6478.059785 -5396.644645 -4537.686692 -3799.794318 -3442.528569 
3620.076029 4003.212567 4787.332209 5696.610902 6853.830720 8337.790012 10253.727705 12734.181004 15929.185996 19975.200232 24931.137859 30676.325658 36781.343046 42391.809728 46196.185999 46569.555489 41981.145383 31692.531447 16583.722706 294.815523 -2471.993631 -4757.947282 -17919.546795 -29892.480424 -39958.058761 -45121.217102 -45267.256333 -41802.555705 -36397.903401 -30417.442409 -24749.668358 -19843.592669 -15830.930153 -12658.989595 -10195.005160 -8291.141471 -6816.223804 -5665.925450 -4762.009374 -3982.555155 -3601.737132 
3688.243366 4084.359411 4882.876537 5796.103362 6961.192402 8462.010095 10412.992961 12961.895641 16280.993186 20534.464618 25807.495714 31988.509498 38614.437551 44719.309908 48762.459665 48740.449349 42613.686496 29184.842241 8994.973356 -17407.576241 -5658.916616 6437.767536 -10762.830038 -22482.458984 -37661.711734 -45999.384852 -47296.459188 -43901.031407 -38126.952568 -31678.557809 -25598.892197 -20387.352603 -16173.237050 -12880.527347 -10350.035356 -8412.316805 -6921.320843 -5763.666509 -4856.165260 -4062.530376 -3668.799954 
3664.498591 4062.347791 4846.139348 5718.045269 6820.542325 8225.833567 10029.828866 12352.171035 15325.575436 19064.082776 23599.577997 28780.394861 34141.071114 38776.387383 41276.139913 39802.846919 32491.013873 18826.588696 3573.838645 -9856.767526 -11945.537493 -14950.303294 -3915.303964 204.500968 -23175.675138 -35739.579967 -39395.049218 -37813.780057 -33596.653021 -28444.917834 -23378.113738 -18909.731783 -15213.361809 -12267.849606 -9964.758853 -8174.563546 -6779.446858 -5684.624882 -4818.622110 -4039.781075 -3644.309834 
3556.698424 3946.260077 4690.145007 5483.223073 6467.375634 7693.053848 9222.146175 11123.787702 13461.354013 16264.756756 19482.905025 22916.140052 26139.267029 28441.828871 28828.684771 26143.861499 19442.800375 8915.491071 -2490.083654 -10890.456462 -18489.131329 -5352.943227 11751.375026 2448.061140 -12912.757321 -22882.573611 -27185.295539 -27558.815632 -25625.612674 -22594.056297 -19267.720559 -16113.470839 -13350.636501 -11040.144767 -9157.329754 -7641.792333 -6426.158641 -5449.621498 -4662.419261 -3923.414163 -3536.163548 
3378.464429 3752.080463 4438.066609 5128.382581 5963.155034 6970.435851 8179.115378 9612.250852 11273.828889 13126.762497 15061.077443 16855.959170 18148.489671 18433.062116 17128.401722 13750.515629 8190.528064 959.322495 -6797.026482 -8760.310017 -22732.437753 -993.702420 24043.776863 5526.649155 -4737.431846 -11816.550029 -16020.611685 -17771.438062 -17731.960210 -16579.558116 -14868.887806 -12987.795283 -11170.038808 -9532.674572 -8116.773526 -6920.695197 -5922.883659 -5095.377744 -4410.710725 -3729.394829 -3357.969687 
3146.486482 3499.149727 4116.799519 4693.217337 5368.107654 6150.901073 7044.908248 8039.943025 9100.388308 10148.036232 11040.558778 11550.380361 11356.706714 10077.578461 7392.770776 3332.008290 -1242.662191 -4182.032637 -2420.977563 2551.227611 -3161.029861 -5187.812475 3354.169723 5058.932931 2138.350128 -2571.723671 -6817.780158 -9661.951650 -11058.351226 -11333.784235 -10880.378451 -10027.127304 -9007.295792 -7966.974435 -6986.788639 -6103.939098 -5329.700696 -4661.486061 -4090.332956 -3477.033844 -3126.391840 
2878.218773 3207.419988 3752.967217 4214.587908 4733.623611 5305.576028 5915.903259 6532.773457 7096.518379 7505.238333 7596.901761 7130.785271 5776.478299 3137.523544 -1107.123473 -6750.521429 -12088.165653 -12797.453599 -2066.964178 30917.325359 9795.346881 -27824.318166 -7554.113361 9036.367507 11118.916153 6700.995793 1300.972261 -2913.065328 -5579.238350 -6970.321668 -7469.300697 -7404.032707 -7015.804727 -6467.830077 -5863.141296 -5262.288293 -4697.777978 -4184.675088 -3727.819435 -3186.217964 -2858.838382 
2590.138681 2895.473231 3370.527518 3724.049834 4101.049098 4487.600929 4857.969484 5167.897315 5345.069612 5275.777437 4786.192410 3616.091213 1383.278512 -2443.403407 -8435.857845 -16531.005988 -24070.660073 -22879.823658 -838.760205 20691.584646 53374.169874 -11585.038886 -51216.111146 13544.221624 22221.100528 16217.712012 8481.483988 2570.123788 -1250.523111 -3497.771812 -4686.194241 -5192.867789 -5276.672543 -5111.395072 -4811.103491 -4448.502538 -4068.224012 -3696.344408 -3347.015770 -2875.456650 -2571.732219 
2296.610133 2579.252308 2989.303627 3246.496102 3501.139262 3733.860990 3913.282632 3990.139456 3888.884508 3495.304428 2637.181204 1051.718795 -1670.550019 -6156.219133 -13169.537337 -22691.639053 -30539.832821 -19641.067392 67494.088130 72776.820253 -55420.506160 -80841.617333 -13662.701964 27029.754197 31607.369647 22907.737316 13285.119720 6262.405625 1770.659819 -961.534225 -2558.569868 -3428.019154 -3831.781605 -3941.815623 -3872.375056 -3699.149457 -3471.576665 -3221.232778 -2967.643385 -2560.619982 -2279.366790 
2009.240343 2271.420176 2624.380155 2799.790871 2954.373056 3066.581336 3103.857471 3017.872391 2737.844068 2160.511413 1134.243231 -567.980237 -3294.579395 -7568.274562 -13999.180021 -22494.390745 -29710.146878 -24808.422226 8780.705310 28484.361099 64656.877367 -19665.688657 -72561.257700 15732.740837 28441.380250 22373.727237 14051.163281 7644.373438 3369.857717 637.152187 -1072.525550 -2106.333324 -2690.739827 -2977.118320 -3068.673756 -3036.221599 -2928.135257 -2777.074871 -2604.688588 -2254.296765 -1993.290853 
1736.699773 1981.205248 2286.121676 2395.189087 2472.059755 2495.503063 2435.053853 2247.601595 1872.878877 1227.062753 193.627534 -1389.691022 -3747.049052 -7164.773532 -11880.982893 -17593.042662 -22265.353390 -21013.052799 -9366.789638 1758.846579 10642.467047 1408.636018 -762.530932 17687.097244 21456.561071 17447.595625 11893.967753 7213.081388 3800.989608 1441.647697 -145.807756 -1183.965540 -1834.510711 -2213.680690 -2405.197981 -2469.302454 -2449.075863 -2375.022145 -2268.435175 -1965.651404 -1722.119237 
1484.847946 1714.617912 1980.645769 2038.260908 2057.985282 2020.575259 1899.682008 1659.806326 1253.911994 620.638967 -318.372323 -1659.410478 -3510.699991 -5962.688521 -8989.360650 -12200.748354 -14448.555796 -13778.619816 -9035.762095 -3181.710094 1872.789536 4007.485467 7283.475871 12801.021656 14096.160141 12109.057465 8988.511811 5991.024786 3547.334027 1697.162345 354.616980 -586.929103 -1223.108710 -1631.952193 -1874.675705 -1998.244048 -2038.093820 -2020.566141 -1964.935312 -1700.641144 -1471.663577 
1257.071812 1474.892600 1710.553405 1730.098432 1710.335915 1634.927919 1482.524675 1225.879148 831.116313 257.542282 -540.982546 -1611.012124 -2986.346023 -4657.544527 -6509.532380 -8220.187445 -9174.516798 -8602.847201 -6219.499742 -2945.760651 335.572977 3107.073298 5848.931262 8299.314763 9024.440982 8167.165764 6503.824940 4672.601696 3009.850951 1637.415417 567.727690 -231.698206 -806.785356 -1203.330061 -1461.849109 -1616.120878 -1693.315993 -1714.739302 -1696.740187 -1462.460107 -1245.272134 
1054.738395 1263.050166 1475.768224 1468.588709 1423.619897 1327.723311 1164.564602 914.530242 555.045896 61.771877 -588.390260 -1411.023868 -2402.291652 -3518.205823 -4643.545790 -5559.225156 -5944.038995 -5480.399092 -4093.862471 -2116.640016 45.356439 2111.033280 3973.661482 5362.728792 5870.704659 5525.614208 4635.538370 3524.653462 2416.313361 1428.704608 607.543603 -42.393884 -536.162622 -896.542994 -1147.689167 -1312.069094 -1409.213397 -1455.391545 -1463.740294 -1252.095425 -1044.278647 
877.672823 1078.474255 1274.370104 1249.604267 1190.349981 1086.526637 926.278780 696.343851 382.876956 -26.892498 -541.529146 -1160.110549 -1863.970447 -2605.164212 -3293.761264 -3791.821955 -3930.722845 -3570.674819 -2691.879690 -1436.261190 -10.715111 1395.861751 2627.715718 3509.048338 3886.891279 3767.349804 3284.454743 2606.143329 1871.387877 1171.314629 554.781333 41.070643 -368.493231 -682.212890 -912.683611 -1073.645685 -1178.280844 -1238.374068 -1263.990699 -1068.906294 -868.485900 
724.626998 919.447883 1103.315446 1067.988524 1002.353153 899.001157 749.758290 546.238805 280.802497 -51.863967 -452.162163 -911.862764 -1409.179363 -1903.234093 -2330.185745 -2605.519909 -2638.981040 -2365.606343 -1782.469066 -961.658168 -19.265345 919.791990 1737.385797 2324.760702 2608.007787 2585.766497 2320.267610 1900.855395 1412.140009 918.394873 460.941546 61.950797 -270.066127 -535.312872 -738.949362 -888.521888 -992.343268 -1058.520119 -1094.434653 -911.160713 -716.627428 
593.676966 783.609160 959.018878 918.290382 851.671287 753.941267 619.762384 444.256853 223.884672 -42.270171 -350.630636 -690.783123 -1042.869138 -1375.364787 -1644.839024 -1799.829465 -1790.976431 -1587.086064 -1191.066260 -644.837192 -17.961555 608.832655 1156.263868 1556.425331 1766.842732 1783.023189 1634.853086 1371.042130 1042.918226 694.029685 356.095640 49.201739 -216.053967 -435.951989 -611.284976 -745.513364 -843.452162 -910.378266 -951.481498 -776.487907 -586.767089 
482.542425 668.302197 837.775714 795.260142 731.096653 641.767932 524.006591 375.315343 194.676549 -16.493600 -253.121773 -505.122417 -756.182815 -983.182139 -1157.145440 -1246.648806 -1224.198093 -1074.689205 -802.805753 -435.089121 -15.012868 405.569914 775.094850 1050.363085 1204.486025 1232.052322 1147.484298 977.848731 754.402738 506.115861 256.181454 21.034328 -189.124907 -369.122737 -517.453363 -635.069853 -724.415899 -788.705151 -831.428254 -662.229507 -476.619199 
388.827739 570.832004 736.041652 694.136935 634.422039 554.646858 452.986077 328.468216 181.503882 14.549982 -167.155696 -354.880528 -535.933593 -693.804037 -809.314385 -863.154825 -839.799269 -732.070524 -544.758903 -295.495385 -12.234936 271.537861 522.371682 712.270413 823.343584 850.400604 800.225663 688.060297 533.066532 354.373148 168.504564 -11.792239 -177.713903 -323.955696 -448.001743 -549.390224 -629.047618 -688.753326 -730.737725 -565.691528 -383.787539 
310.186246 488.629534 650.597863 610.785837 556.495703 486.381925 399.578414 296.030953 176.868714 44.838075 -95.288688 -236.386593 -368.885779 -481.160142 -560.537242 -595.063125 -575.890936 -499.801170 -371.037302 -201.633275 -9.953847 182.136850 352.757785 483.453175 562.000125 583.908903 552.151209 475.379975 365.430920 234.915498 95.445987 -43.388797 -174.421843 -292.839947 -395.859615 -482.313288 -552.218854 -606.404009 -646.200029 -484.309564 -305.929785 
244.428414 419.348847 578.625032 541.728213 493.160266 432.196990 358.580886 272.762801 176.156073 71.398888 -37.438181 -144.739819 -243.421220 -325.350571 -382.137226 -406.324334 -392.847649 -340.453395 -252.649865 -137.788657 -8.147263 121.805908 237.580573 326.819876 381.040305 396.571310 374.499977 319.756549 239.706897 142.681126 36.786159 -70.893313 -174.720245 -270.600378 -355.872909 -429.098401 -489.796562 -538.195177 -575.007195 -415.744922 -240.861041 
189.576988 360.914333 517.721049 484.105237 441.131304 388.484649 326.271233 255.182967 176.667132 93.071246 7.733638 -75.012008 -149.975784 -211.483012 -253.954741 -272.703013 -264.827902 -230.026130 -171.088417 -93.877981 -6.726250 80.659418 158.552539 218.562915 254.737248 264.173147 247.058127 206.198918 146.213382 72.625148 -8.917597 -93.233668 -175.982656 -253.812905 -324.363684 -386.171641 -438.521213 -481.285469 -514.768656 -357.930221 -186.610637 
143.891079 311.530729 465.879087 435.609712 397.856446 352.562878 300.033334 241.040380 176.933073 109.709010 42.039043 -22.774635 -80.950848 -128.527490 -161.773958 -177.718976 -174.708670 -152.871939 -114.378026 -63.379515 -5.604060 52.347900 103.860131 143.163410 166.042920 170.251243 155.578759 123.613751 77.272059 20.235736 -43.556002 -110.333805 -176.799150 -240.274131 -298.754166 -350.881184 -395.864125 -433.384818 -463.490520 -309.079680 -141.444578 
105.865874 269.672345 421.448145 394.404379 361.376486 322.461651 278.055555 228.920619 176.247937 121.689765 67.350081 15.725338 -30.434703 -68.355345 -95.525245 -110.045614 -110.981393 -98.631557 -74.658302 -42.023691 -4.710451 32.737182 65.762492 90.353641 103.504289 103.497139 89.976852 63.831974 26.916804 -18.298642 -69.058324 -122.624777 -176.510355 -228.609236 -277.265808 -321.283698 -359.887464 -392.672531 -419.534946 -267.677024 -103.865333 
74.218238 234.059164 383.085645 359.040440 330.200509 296.747095 259.100601 217.965538 174.359001 129.621956 85.395685 43.559546 6.114814 -24.985600 -48.038634 -61.820654 -65.810364 -60.348068 -46.695141 -26.977072 -3.991882 19.096108 39.114179 53.244814 59.329419 56.066454 43.076801 20.848822 -9.430174 -46.090984 -87.195791 -130.755148 -174.900300 -217.992298 -258.688470 -295.968088 -329.119210 -357.715277 -381.571325 -232.451418 -72.598305 
47.867177 203.627901 349.707894 328.382934 303.200916 274.381798 242.332744 207.678252 171.268121 134.177883 97.680320 63.187689 32.160827 5.982943 -14.181308 -27.536109 -33.797385 -33.286601 -26.954045 -16.333662 -3.408948 9.595208 20.448537 27.154482 28.154425 22.467547 9.745546 -9.750501 -35.254822 -65.629604 -99.503704 -135.427757 -171.999828 -207.952034 -242.208519 -273.916177 -302.447704 -327.391797 -348.527088 -202.348055 -46.570456 
25.908609 177.501368 320.445605 301.546395 279.527191 254.617568 227.191863 197.788780 167.108007 136.005865 105.466614 76.551427 50.330934 27.792956 9.741845 -3.300097 -11.182826 -14.184205 -13.017379 -8.794802 -2.931911 2.993239 7.399243 8.860798 6.247461 -1.176801 -13.709250 -31.216172 -53.199163 -78.875210 -107.266964 -137.314009 -167.964330 -198.239628 -227.284365 -254.395935 -279.036147 -300.828079 -319.541804 -176.497464 -24.885870 
7.592714 154.959235 294.602187 277.840386 258.537075 236.914557 213.305677 188.166360 162.067608 135.688368 109.788672 85.167193 62.613277 42.838920 26.405354 13.659832 4.678563 -0.767603 -3.212037 -3.463508 -2.537948 -1.563337 -1.668550 -3.877598 -9.013299 -17.625760 -29.957844 -45.945428 -65.260357 -87.358051 -111.535849 -137.013408 -162.999984 -188.740767 -213.558755 -236.881307 -258.254105 -277.343219 -293.927133 -154.186559 -6.801202 
-7.700246 135.411684 271.619113 256.724935 239.744390 220.882134 200.427724 178.762383 156.349514 133.726022 111.478557 90.211115 70.510012 52.892567 37.755534 25.333832 15.663626 8.562589 3.633451 0.286768 -2.209960 -4.667544 -7.896329 -12.635924 -19.486304 -28.857216 -40.941200 -55.710585 -72.946004 -92.263824 -113.154299 -135.038997 -157.321552 -179.419196 -200.797304 -220.992453 -239.625491 -256.406902 -271.132560 -134.831531 8.298129 
-20.482043 118.375436 251.048341 237.777339 222.779168 206.235595 188.394559 169.573047 150.145607 130.535666 111.197553 92.591201 75.154826 59.268229 45.215570 33.158799 23.115132 14.943048 8.347047 2.897827 -1.934682 -6.735685 -12.089077 -18.531240 -26.499512 -36.298368 -48.077025 -61.824985 -77.392717 -94.506107 -112.791655 -131.817085 -151.130254 -170.280739 -188.846599 -206.453952 -222.788827 -237.603882 -250.716386 -117.954699 20.918795 
-31.174431 103.454556 232.529162 220.664885 207.357238 192.764364 177.096699 160.616365 143.625039 126.457352 109.466593 93.004843 77.403188 62.942671 49.829280 38.179528 28.001716 19.187414 11.519104 4.684280 -1.702037 -8.062676 -14.819396 -22.361755 -31.008544 -40.985344 -52.404921 -65.263583 -79.456738 -94.785820 -110.973898 -127.694627 -144.603445 -161.351639 -177.605274 -193.062955 -207.466556 -220.606610 -232.322820 -103.165403 31.477340 
-40.124723 90.324711 215.769716 205.122416 193.257150 180.310265 166.458953 151.918159 136.931361 121.764074 106.691585 91.986410 77.900178 64.642243 52.366779 41.159654 31.024923 21.882761 13.574068 5.871633 -1.504352 -8.859029 -16.497029 -24.702095 -33.705828 -43.673890 -54.689842 -66.751323 -79.783182 -93.639272 -108.110610 -122.949117 -137.890911 -152.664222 -167.003942 -180.667114 -193.442666 -205.154900 -215.664741 -90.143724 40.316787 
-47.619158 78.718632 200.531388 190.936926 180.305050 168.752622 156.427134 143.504585 130.182152 116.670779 103.187384 89.943354 77.130536 64.909570 53.397329 42.658329 32.696762 23.455166 14.818744 6.622825 -1.335393 -9.275411 -17.417921 -25.968719 -35.094997 -44.917323 -55.496223 -66.828594 -78.857885 -91.474431 -104.518358 -117.799497 -131.114364 -144.249008 -156.992421 -169.149622 -180.548221 -191.040987 -200.508069 -78.626122 47.720049 
-53.894063 68.415317 186.617826 177.935958 168.362184 157.995882 146.959897 135.398300 123.470323 111.345690 99.195346 87.183214 75.460099 64.149669 53.341830 43.087596 33.391959 24.215621 15.476504 7.056914 -1.189915 -9.421371 -17.796704 -26.464553 -35.544084 -45.122485 -55.242150 -65.897870 -77.045401 -88.600718 -100.440029 -112.415821 -124.369264 -136.131044 -147.533634 -158.419854 -168.648008 -178.095562 -186.660051 -68.394906 53.920558 
-59.145097 59.231492 173.866387 165.977572 157.315013 147.962823 138.023939 127.615668 116.867970 105.917111 94.897423 83.940210 73.163554 62.663997 52.512801 42.750997 33.386041 24.391596 15.711230 7.261412 -1.063911 -9.376314 -17.789967 -26.410772 -35.323098 -44.589042 -54.236591 -64.258700 -74.619082 -85.252270 -96.060620 -106.927269 -117.728610 -128.330469 -138.597838 -148.403516 -157.631295 -166.179402 -173.960765 -59.269403 59.111366 
-63.535123 51.014016 162.141334 154.943538 147.068991 138.589240 129.589674 120.167290 110.428149 100.480202 90.432507 80.389684 70.445790 60.677502 51.141661 41.873518 32.881913 24.151260 15.643567 7.300166 -0.954969 -9.198369 -17.511357 -25.969267 -34.630131 -43.537724 -52.708781 -62.134424 -71.784213 -81.604573 -91.517614 -101.431341 -111.248282 -120.860139 -130.157642 -139.038106 -147.405916 -155.176577 -162.276350 -51.098718 63.452823 
-67.199387 43.634536 151.327163 144.733502 137.544376 129.819380 121.630269 113.057938 104.187297 95.106493 85.903157 76.662191 67.459811 58.356986 49.400881 40.621618 32.029896 23.617787 15.361110 7.219341 -0.859855 -8.928570 -17.044270 -25.258938 -33.611613 -42.131884 -50.828659 -59.691211 -68.691712 -77.786803 -86.914999 -96.000993 -104.966726 -113.725351 -122.187546 -130.270034 -137.894034 -144.989065 -151.493290 -43.756180 67.078358 
-70.251488 36.983972 141.325148 135.262052 128.671780 121.604475 114.120540 106.285751 98.170567 89.846351 81.384424 72.854828 64.319060 55.826770 47.417346 39.117760 30.940021 22.881713 14.928841 7.054956 -0.776171 -8.598229 -16.450332 -24.367490 -32.374533 -40.491917 -48.721747 -57.049646 -65.453053 -73.896662 -82.328197 -90.686729 -98.909960 -106.926338 -114.662825 -122.051853 -129.028172 -135.533253 -141.514920 -37.134217 70.100436 
-72.787521 30.968866 132.049788 126.455104 120.391458 113.901315 107.034001 99.844910 92.392560 84.735010 76.931278 69.038266 61.106220 53.176679 45.284109 37.452626 29.694026 22.010000 14.394999 6.831688 -0.703194 -8.229706 -15.773789 -23.357879 -30.998501 -38.706439 -46.477136 -54.299027 -62.151885 -70.003222 -77.811032 -85.524774 -93.093017 -100.457843 -107.558834 -114.340854 -120.749849 -126.736188 -132.256634 -31.141279 72.612892 
-74.889463 25.509079 123.426916 118.247866 112.649866 106.668308 100.344884 93.726558 86.860867 79.796017 72.580519 65.261234 57.880391 50.473743 43.070935 35.692372 28.350453 21.050978 13.793820 6.568402 -0.638730 -7.838439 -15.046583 -22.278350 -29.540550 -36.836177 -44.162909 -51.506373 -58.846291 -66.156592 -73.400697 -80.536701 -87.522938 -94.311003 -100.851136 -107.097730 -113.005752 -118.534237 -123.646261 -25.698369 74.697027 
-76.626319 20.535249 115.390058 110.581885 105.397739 99.868041 94.029020 87.918639 81.575965 75.041537 68.356058 61.558956 54.685605 47.766182 40.825663 33.882996 26.952443 20.040860 13.151653 6.279761 -0.581613 -7.435622 -14.293898 -21.161363 -28.039265 -34.930915 -41.827788 -48.716075 -55.578248 -62.389876 -69.121131 -75.736117 -82.200256 -88.474137 -94.515232 -100.286254 -105.750244 -110.870828 -115.616924 -20.736086 76.420772 
-78.058109 15.986092 107.880093 103.404752 98.591303 93.466801 88.061016 82.405163 76.532601 70.477531 64.274056 57.954956 51.550168 45.085222 38.582357 32.060412 25.532236 19.005315 12.487151 5.975665 -0.530024 -7.031734 -13.531280 -20.029173 -26.527714 -33.021479 -39.504062 -45.961303 -52.375231 -58.726065 -64.987132 -71.128702 -77.121984 -82.932964 -88.526895 -93.872477 -98.937462 -103.692081 -108.111353 -16.195799 77.842682 
-79.237087 11.807859 100.844178 96.669455 92.190631 87.430523 82.414315 77.169513 71.723672 66.104626 60.340957 54.461627 48.492148 42.453659 36.366939 30.248558 24.110770 17.962899 11.813735 5.664233 -0.486180 -6.630186 -12.768290 -18.901287 -25.023744 -31.131735 -37.215957 -43.262775 -49.256429 -55.178378 -61.006688 -66.714922 -72.278564 -77.670694 -82.860773 -87.821443 -92.527550 -96.954004 -101.078040 -12.023270 79.015338 
-80.208714 7.953028 94.234506 90.332445 86.156627 81.726771 77.065232 72.194545 67.136784 61.916126 56.558132 51.087111 45.523464 39.886390 34.194802 28.463201 22.703991 16.926438 11.141188 5.347843 -0.445593 -6.233365 -12.016293 -17.787437 -23.543610 -29.276501 -34.978096 -40.634943 -46.231993 -51.753743 -57.179953 -62.488689 -67.660247 -72.669845 -77.491288 -82.103469 -86.484664 -90.612164 -94.467368 -8.171103 79.982749 
97.177925 95.527517 92.085065 88.365380 84.381711 80.149497 75.686061 71.010239 66.141955 61.101766 55.910381 50.588203 45.154889 39.628979 34.027600 28.366269 22.658815 16.917407 11.152714 5.374156 -0.409742 -6.190945 -11.961462 -17.712903 -23.436058 -29.120554 -34.754578 -40.324720 -45.815923 -51.211557 -56.493596 -61.642906 -66.639605 -71.463487 -76.094480 -80.513109 -84.700953 -88.641061 -92.318323 -95.719775 -97.350070 
