-0.000000 -0.000000 -0.000000 -0.000000 -0.000000 -0.000000 -0.000000 -0.000000 -0.000000 -0.000000 -0.000000 -0.000000 -0.000000 -0.000000 -0.000000 -0.000000 -0.000000 -0.000000 -0.000000 -0.000000 -0.000000 -0.000000 -0.000000 -0.000000 -0.000000 -0.000000 -0.000000 -0.000000 -0.000000 -0.000000 -0.000000 -0.000000 -0.000000 -0.000000 -0.000000 -0.000000 -0.000000 -0.000000 -0.000000 -0.000000 -0.000000 
514.196317 549.720354 630.842139 729.435598 842.797376 970.736419 1111.992022 1262.698510 1416.595062 1564.726296 1694.380020 1790.630306 1838.001547 1822.320769 1734.285000 1571.995206 1341.588033 1055.785100 730.577845 382.255413 25.423591 -329.015656 -674.025935 -1001.729053 -1298.360226 -1545.269081 -1725.147925 -1828.191524 -1854.659948 -1813.714221 -1720.160112 -1590.775970 -1441.402806 -1285.215345 -1132.015535 -988.343947 -857.949529 -742.475378 -642.105995 -552.524902 -509.407777 
1021.444487 1092.434841 1254.879568 1452.925902 1681.798281 1941.865654 2230.575722 2541.237095 2861.789661 3173.330706 3450.009212 3659.966794 3768.766980 3744.911474 3567.237964 3231.504213 2752.483722 2159.919934 1489.569886 775.994401 50.035163 -667.169506 -1367.475669 -2041.014365 -2658.994262 -3176.769111 -3552.243474 -3762.219133 -3807.954554 -3711.188403 -3505.629126 -3228.273882 -2913.074892 -2587.472399 -2271.284655 -1977.250818 -1712.280865 -1479.028102 -1277.308064 -1097.985842 -1011.806775 
1514.434565 1620.621666 1864.352570 2163.325552 2511.766346 2911.385105 3360.074455 3849.393833 4362.071338 4869.657814 5330.848959 5692.356603 5893.979795 5878.868590 5607.431530 5071.675723 4301.531634 3355.658731 2298.874942 1186.346664 69.630734 -1018.420134 -2086.823888 -3143.820041 -4141.742706 -4988.217691 -5596.382305 -5921.640088 -5969.382995 -5782.863660 -5424.444683 -4959.045211 -4443.438385 -3921.303562 -3422.557896 -2965.128062 -2557.679875 -2202.500654 -1897.839176 -1628.720826 -1499.714648 
1984.981740 2125.682315 2449.919392 2851.183148 3323.931843 3873.273492 4499.647258 5195.335062 5940.174674 6696.532019 7405.031512 7983.912121 8335.225649 8360.205769 7985.867319 7196.263862 6051.259325 4668.450911 3162.856251 1601.862889 68.505025 -1372.283131 -2798.883106 -4301.014363 -5798.209371 -7091.574996 -8004.249939 -8457.559397 -8472.076068 -8132.698333 -7549.430015 -6828.459199 -6056.495524 -5295.687756 -4585.200345 -3945.828409 -3385.346121 -2903.232343 -2494.229312 -2135.966705 -1964.784724 
2423.794030 2597.505339 3000.070458 3503.541700 4104.686379 4814.546818 5639.849492 6578.038305 7610.373604 8692.513557 9745.535763 10649.882643 11248.888922 11370.833282 10875.792814 9724.083987 8035.084262 6066.725756 4048.185729 1980.039465 -7.385822 -1685.337037 -3359.765924 -5410.512318 -7659.821452 -9638.851982 -10986.419798 -11580.024112 -11489.727228 -10885.165661 -9958.232633 -8877.026815 -7766.964831 -6709.483632 -5749.587898 -4906.138540 -4181.344196 -3568.039988 -3054.713074 -2609.494792 -2397.531215 
2820.354054 3024.581947 3500.720879 4103.306820 4833.758639 5712.663154 6758.351287 7980.737661 9370.620623 10884.896886 12427.330552 13830.065697 14846.845765 15175.213357 14531.177352 12792.689404 10181.565827 7323.150201 4853.440761 2259.580820 -347.635267 -1845.951501 -3305.532978 -6132.622415 -9722.444311 -12875.755117 -14879.592305 -15601.454849 -15257.393878 -14189.411925 -12728.385876 -11132.146480 -9572.104863 -8144.818153 -6892.448437 -5822.806529 -4924.898013 -4179.405782 -3564.904038 -3037.536834 -2787.344771 
3163.515588 3394.203240 3935.426095 4628.931188 5483.214534 6532.578551 7814.092230 9360.693877 11187.867045 13270.182250 15506.126434 17675.436827 19402.345724 20154.581098 19333.218821 16534.035429 12039.881137 7391.535827 5353.032699 2643.474487 -1673.485408 -1622.064155 -1135.453411 -5495.206085 -11917.266552 -17233.510566 -20224.408422 -20969.565273 -20069.588452 -18199.650809 -15913.087216 -13586.627041 -11435.784256 -9556.845325 -7971.054532 -6659.679794 -5587.318022 -4715.282504 -4008.004891 -3407.144697 -3122.869658 
3442.112134 3693.360555 4286.387094 5055.121355 6016.879465 7223.103422 8736.636396 10626.450180 12952.665658 15734.088078 18891.329189 22163.952341 25011.632748 26535.321961 25502.943587 20656.771526 11635.889379 1013.221970 4752.932865 5765.936857 -7060.972655 -694.883213 8650.428113 -529.985998 -13710.011490 -23066.753171 -27459.988890 -27957.531893 -26016.856490 -22878.691807 -19408.983732 -16117.362164 -13242.744551 -10850.451326 -8912.841936 -7364.119692 -6131.526616 -5149.813438 -4365.822107 -3705.089262 -3392.771629 
3646.441103 3910.348371 4536.273234 5354.639853 6390.379005 7711.037466 9405.464786 11582.186364 14354.846625 17802.929194 21893.398495 26350.587528 30472.247928 32909.161904 31447.664470 22909.550100 3184.196291 -38994.460123 -1003.660451 32596.121721 -31427.529291 -1169.444147 48011.666402 17516.295973 -12429.924891 -28733.575627 -34983.146516 -35051.394876 -31816.074047 -27233.401591 -22500.087774 -18236.453377 -14675.070250 -11825.473630 -9594.776804 -7861.492117 -6512.293458 -5455.214642 -4620.730736 -3919.477878 -3587.186208 
3770.033317 4037.147069 4671.993530 5503.928576 6559.463883 7911.716227 9659.351493 11926.483405 14848.973739 18532.798787 22966.457533 27868.870647 32461.093666 35144.508316 33039.656290 21426.576716 -4384.695191 -15124.851069 -33498.960344 3223.468500 24125.698977 -39356.753092 26399.233419 64001.965510 -5112.537226 -29568.478064 -37560.359741 -37660.938982 -33956.605518 -28819.930263 -23606.879937 -18984.616940 -15179.980955 -12176.706471 -9853.581804 -8066.032247 -6684.672203 -5607.528507 -4759.381794 -4042.198070 -3699.708854 
3812.062601 4072.524514 4690.693348 5496.075096 6508.204068 7790.086762 9424.165009 11509.919127 14148.783370 17405.600675 21232.189695 25342.881012 29043.673003 31043.941481 29355.813096 21720.596791 8349.882221 712.145652 -3097.632705 -1455.099156 -2641.733340 -11174.744077 11413.736918 19514.088287 -8281.005368 -25349.590981 -32343.015018 -33040.001739 -30344.923084 -26211.430471 -21832.999148 -17836.360840 -14467.829951 -11753.128817 -9614.359894 -7942.229238 -6632.513011 -5599.713394 -4778.820863 -4072.044241 -3729.646406 
3778.345169 4023.482665 4602.990533 5348.674890 6267.764810 7404.057470 8809.743344 10539.510483 12634.911985 15092.527121 17809.929343 20509.357796 22652.485021 23390.154889 21652.542873 16620.452809 8986.057241 2439.322006 -2491.965439 -5185.471140 -9008.711535 -601.967288 13137.357253 7276.689590 -6884.222077 -17577.357469 -23136.597977 -24656.563416 -23601.969329 -21200.848808 -18316.207614 -15469.815534 -12922.241901 -10763.211799 -8987.648451 -7548.443379 -6387.263094 -5449.514931 -4689.775561 -4016.200295 -3683.032702 
3679.820333 3903.264991 4428.694396 5093.840457 5893.194398 6851.288147 7991.988060 9330.977444 10861.748884 12532.152198 14211.010831 15649.950843 16456.767256 16115.016166 14111.043436 10239.471374 5044.217147 -192.620372 -5127.830904 -5449.286950 -13300.878720 2137.667340 19060.472825 5611.858053 -3347.041290 -10272.326430 -14725.644631 -16809.299996 -17065.518044 -16142.519595 -14599.720946 -12838.272260 -11104.779045 -9526.368997 -8151.435393 -6983.516537 -6004.679556 -5189.507119 -4512.339142 -3888.167996 -3571.157940 
3530.080840 3727.982825 4190.682419 4765.673459 5436.878578 6213.530266 7098.775132 8082.523063 9130.025489 10165.435414 11052.046607 11574.272863 11435.451253 10297.579791 7906.554101 4346.222845 361.763307 -2579.243042 -2807.668923 298.934489 -1271.548721 -407.733916 4803.219547 3918.604837 324.551728 -4204.407784 -8085.519823 -10609.930210 -11772.847236 -11887.619539 -11325.001425 -10396.701172 -9324.056161 -8245.366061 -7236.273947 -6330.791365 -5538.145420 -4854.418756 -4269.780122 -3704.434611 -3408.066811 
3343.372910 3514.140184 3911.254101 4395.063383 4941.835628 5550.013074 6209.423217 6895.220586 7558.851119 8116.127886 8433.617968 8315.870622 7501.498789 5688.298453 2645.714899 -1466.044027 -5533.891889 -7178.722542 -2865.480875 16100.819113 6058.040809 -13400.189603 -2284.883314 5096.272330 5353.525133 1666.981574 -2546.428705 -5732.685777 -7633.279190 -8483.421067 -8606.139425 -8278.677810 -7705.697369 -7025.393008 -6324.081533 -5651.175441 -5031.744740 -4475.831959 -3984.854425 -3481.928607 -3208.458573 
3133.046336 3276.975837 3610.148569 4007.792435 4441.408728 4902.625924 5373.891639 5823.530211 6198.574353 6415.582438 6348.483226 5812.935252 4546.481532 2199.350124 -1561.584925 -6529.541284 -10826.001083 -10957.032956 -3874.906991 10636.846111 30704.736726 -2582.422601 -26113.441533 2722.283378 10202.873958 7076.097442 1970.370251 -2025.948403 -4525.237026 -5871.254230 -6442.420962 -6521.467140 -6304.489825 -5924.006500 -5466.940414 -4988.001386 -4519.779839 -4080.178140 -3677.738705 -3236.298213 -2986.165096 
2910.645036 3029.452049 3303.459996 3623.713169 3959.484136 4298.804860 4621.209950 4893.822255 5065.920094 5061.957955 4770.911966 4030.087939 2599.776427 153.819082 -3522.184817 -7481.792434 -7236.658107 186.546414 26374.012308 25787.245684 -4389.520475 -6939.967439 -23660.096339 -20556.346329 8414.024814 9043.279766 4295.947894 174.208646 -2486.597598 -4020.728041 -4811.861623 -5126.273072 -5139.575405 -4969.477518 -4695.291767 -4369.739423 -4026.887449 -3687.842267 -3364.900674 -2980.867250 -2753.183604 
2685.518056 2781.809838 3003.308715 3256.799152 3511.388359 3753.949407 3964.239648 4112.031933 4153.555481 4027.029372 3646.185209 2891.767914 1604.866592 -365.949490 -2761.465724 -2840.251379 13676.700316 823.201717 4986.208128 3915.084031 3914.366703 16729.456609 -24125.070562 -24419.264942 918.266002 5761.811786 3571.361337 660.782198 -1491.070918 -2861.798270 -3660.370523 -4065.114805 -4204.124318 -4168.410504 -4022.656915 -3812.368269 -3568.883302 -3313.173177 -3058.738707 -2726.173744 -2519.210349 
2464.757810 2541.564683 2718.031259 2915.801160 3105.337126 3274.047050 3403.855325 3469.404019 3436.321955 3259.328153 2880.719305 2231.006828 1238.096769 -122.546988 -1621.670479 -2175.971761 633.007583 1528.760198 -328.727492 -841.638093 749.195208 4020.337684 19448.568916 -1308.738674 -19824.942436 -979.862679 1147.008464 98.946714 -1207.913435 -2216.186249 -2887.775812 -3283.349931 -3471.664077 -3511.627056 -3449.912000 -3322.046831 -3154.211610 -2965.135128 -2767.779303 -2479.945678 -2291.553506 
2253.320860 2313.785438 2452.720671 2605.217796 2744.127647 2858.377212 2932.997659 2948.260092 2879.372654 2696.553727 2366.882407 1860.030941 1163.006454 318.164562 -489.680077 -803.358016 -44.620450 879.419098 485.158884 141.695587 457.443978 670.278565 3150.777671 -28.784988 -3438.570688 -575.684766 80.285483 -414.155686 -1175.155660 -1859.600383 -2373.390059 -2713.264341 -2904.933798 -2980.360998 -2969.564819 -2897.930024 -2785.686297 -2648.309481 -2497.213091 -2247.365660 -2075.300649 
2054.341709 2101.496122 2209.897486 2326.379856 2426.815952 2502.049081 2540.392854 2527.434622 2446.576496 2280.150739 2012.498561 1636.265076 1164.503804 652.145365 225.772296 91.997511 410.249026 891.908607 895.532032 568.327633 203.969840 -258.413691 -99.396488 -537.008731 -1045.018080 -534.689177 -421.361129 -718.800233 -1181.262196 -1640.279104 -2018.396112 -2292.423369 -2465.639909 -2552.285418 -2569.746312 -2534.842373 -2462.248929 -2364.014412 -2249.586212 -2031.491104 -1873.633668 
1869.536450 1906.130756 1990.185383 2078.469908 2150.189170 2198.098731 2213.487289 2186.357943 2106.294672 1963.842674 1753.430945 1478.066538 1156.625019 833.062001 582.035198 493.789293 605.644324 783.939066 761.354026 483.361435 74.883293 -356.553063 -540.233800 -640.431905 -700.960014 -611.084131 -651.621389 -861.996703 -1165.052973 -1480.544947 -1757.630251 -1972.857788 -2120.790661 -2205.927214 -2237.343178 -2225.498567 -2180.519809 -2111.367232 -2025.511916 -1833.725540 -1688.204598 
1699.563621 1727.970295 1792.933076 1859.383675 1909.922951 1939.004168 1940.351397 1907.311448 1833.705538 1715.049187 1550.746333 1346.963172 1120.103717 899.572129 725.663436 635.714512 631.958181 646.063996 563.360034 338.183542 25.393256 -286.864835 -484.379465 -578.568913 -624.973394 -652.521769 -739.670031 -904.964576 -1120.241262 -1346.503249 -1552.963466 -1721.530887 -1844.876768 -1922.967177 -1959.983026 -1962.086746 -1936.003857 -1888.174179 -1824.310710 -1654.273127 -1519.514167 
1544.331739 1566.524297 1616.717746 1666.377388 1701.392811 1717.618243 1710.638173 1676.157738 1610.681578 1512.456770 1382.848137 1227.906606 1059.631270 896.052308 757.955654 660.125048 597.402149 534.930835 422.835546 238.949998 8.946499 -217.132914 -388.164761 -498.257524 -575.568719 -649.691635 -751.673452 -890.556808 -1054.933649 -1225.280504 -1383.504536 -1517.067387 -1619.429154 -1688.882612 -1726.993637 -1737.223990 -1723.919485 -1691.598876 -1644.528014 -1492.534675 -1367.255444 
1403.250417 1420.833246 1459.727524 1496.510692 1520.164614 1527.635877 1515.864311 1482.133624 1424.536230 1342.672903 1238.375723 1116.479485 985.080710 854.797544 736.218553 635.108533 546.727058 453.817665 334.770748 180.614738 4.019361 -169.607821 -316.578630 -431.680865 -527.200095 -619.989546 -724.591931 -845.785019 -978.585505 -1112.888664 -1238.125650 -1346.028917 -1431.546663 -1492.654383 -1529.657518 -1544.419105 -1539.698033 -1518.618566 -1484.317932 -1347.422256 -1230.597840 
1275.439471 1289.688499 1320.019487 1346.924237 1362.242063 1363.740039 1349.309045 1317.246181 1266.542327 1197.368705 1111.413781 1012.199173 904.972924 795.936717 690.598218 591.332613 495.217619 394.071980 278.731148 146.085774 2.688569 -138.931321 -267.453949 -379.555699 -480.243494 -577.781223 -679.176027 -786.887842 -898.504610 -1008.565444 -1110.835129 -1199.972324 -1272.330848 -1326.106865 -1361.078352 -1378.209127 -1379.235676 -1366.304778 -1341.705804 -1217.591401 -1108.406269 
1159.883218 1171.788322 1195.680496 1214.987480 1224.157704 1221.559713 1205.736956 1175.609695 1130.669496 1071.259231 998.732765 915.556600 825.079292 730.978796 636.291413 542.197324 447.271911 347.892124 240.380741 124.000269 2.336548 -118.334413 -232.372089 -337.695219 -436.137510 -531.407791 -626.735045 -723.218514 -819.485232 -912.405301 -998.213338 -1073.463740 -1135.608757 -1183.212103 -1215.886626 -1234.111296 -1238.980543 -1231.972086 -1214.753286 -1101.603392 -999.401620 
1055.523222 1065.835488 1084.921692 1098.363182 1102.971273 1097.548428 1081.085679 1052.869447 1012.664938 960.825239 898.349874 826.949486 748.780413 666.090996 580.707335 493.416184 403.733643 310.265161 211.747416 108.345139 2.175041 -103.453125 -205.543010 -302.713848 -395.430720 -485.160872 -573.219192 -659.921662 -744.325306 -824.500243 -898.091390 -962.849374 -1017.013865 -1059.500942 -1089.918648 -1108.494246 -1115.925525 -1113.237841 -1101.648949 -998.030520 -902.272471 
961.316195 970.594848 986.121273 995.016905 996.221263 988.843657 972.186696 945.752714 909.439123 863.566144 808.836441 746.432862 677.791843 604.350535 527.312334 447.333870 364.449524 278.321276 188.736290 96.173299 2.002978 -91.875281 -183.718069 -272.529656 -358.190682 -441.102624 -521.628230 -599.660081 -674.450658 -744.712904 -808.907065 -865.531406 -913.366423 -951.613251 -979.933780 -998.429388 -1007.554248 -1008.029130 -1000.749641 -905.518933 -815.747220 
876.268977 884.925588 897.839107 903.197010 901.853647 893.130606 876.545345 851.743943 818.665531 777.590721 729.015500 673.749790 612.794158 547.126075 477.602185 404.816946 329.061054 250.476211 169.292254 86.072190 1.792081 -82.333883 -165.173479 -245.948448 -324.300178 -400.138040 -473.367500 -543.674954 -610.421612 -672.684711 -729.406654 -779.553987 -822.271372 -856.972665 -883.385069 -901.549639 -911.771015 -914.564190 -910.593739 -822.821792 -738.635921 
799.461829 807.792832 818.808814 821.405292 818.153246 808.525217 792.176822 768.862396 738.524645 701.395867 657.846258 608.430458 553.868401 494.872766 432.095326 366.075281 297.209369 225.840726 152.370055 77.357384 1.556655 -74.166656 -148.993398 -222.276583 -293.573544 -362.578064 -428.990419 -492.413905 -552.286649 -607.907594 -658.514512 -703.370441 -741.862885 -773.558486 -798.243129 -815.930723 -826.832166 -831.321277 -829.896642 -748.812335 -669.850019 
730.056352 738.268967 747.924525 748.364404 743.686621 733.478184 717.474882 695.516795 667.547007 633.738594 594.389512 549.890833 500.768938 447.574273 390.831405 331.022203 268.568492 203.880981 137.410355 69.683134 1.316110 -67.017387 -134.669982 -201.082188 -265.798163 -328.429815 -388.599373 -445.891098 -499.808128 -549.795788 -595.279183 -635.712024 -670.644718 -699.752829 -722.869332 -739.995515 -751.280471 -757.000904 -757.536271 -682.485939 -608.411044 
667.294438 675.528724 684.224023 682.984228 677.251079 666.701223 651.120909 630.407931 604.516409 573.563271 537.794944 497.506511 453.088536 404.980456 353.622277 299.440314 242.841245 184.240588 124.085209 62.858169 1.083812 -60.681647 -121.895779 -182.064566 -240.750341 -297.547500 -352.063039 -403.894599 -452.604236 -497.739160 -538.847616 -575.510861 -607.390428 -634.238051 -655.921783 -672.437091 -683.891634 -690.493554 -692.535327 -622.953653 -553.449491 
610.494035 618.839851 626.871548 624.331392 617.830491 607.117246 592.016422 572.457046 548.412839 519.958145 487.294510 450.660534 410.355464 366.736324 320.178736 271.058784 219.752309 166.651583 112.175531 56.761908 0.868003 -55.029562 -110.461727 -164.988773 -218.203040 -269.711901 -319.137873 -366.106477 -410.231834 -451.136173 -488.454141 -521.855353 -551.076388 -575.922016 -596.287288 -612.164593 -623.632344 -630.848517 -634.041690 -569.432560 -504.199318 
559.041859 567.554467 575.142944 571.602095 564.560742 553.819135 539.235607 520.755781 498.370853 472.131355 442.197229 408.769747 372.089022 332.449747 290.173837 245.591950 199.044887 150.892595 101.515930 51.307704 0.673906 -49.969087 -100.209786 -149.655180 -197.932092 -244.674998 -289.533621 -332.166071 -372.233960 -409.418386 -443.415745 -473.958017 -500.834577 -523.887904 -543.032608 -558.258430 -569.623269 -577.248254 -581.313605 -521.235779 -459.988307 
512.391371 521.099522 528.405987 524.104076 516.702002 506.035901 491.993294 474.530026 453.650288 429.393409 401.884689 371.295659 337.827692 301.729330 263.276537 222.758387 180.481270 136.771476 91.969843 46.426499 0.503924 -45.429903 -91.010142 -135.886951 -179.722959 -222.182153 -262.945379 -301.706920 -338.170424 -372.061537 -403.122994 -431.134623 -455.923386 -477.357083 -495.365520 -509.936911 -521.113023 -528.987956 -533.704613 -477.761390 -420.227828 
470.056623 478.966843 486.108593 481.238870 473.616735 463.107090 449.619256 433.117467 413.613495 391.143411 365.806148 337.747694 307.142341 274.203965 239.169805 202.291161 163.841929 124.116856 83.418511 42.057354 0.357727 -41.352961 -82.751193 -123.526050 -163.371761 -201.983366 -239.076310 -274.378433 -307.627743 -338.586869 -367.036049 -392.790207 -415.703402 -435.662673 -452.609805 -466.531398 -477.455562 -485.456841 -490.649134 -438.482133 -384.404220 
431.600397 440.706786 447.768119 442.487033 434.755961 424.464409 411.536990 395.946073 377.707211 356.855932 333.473673 307.684926 279.642264 249.531728 217.558362 183.941483 148.925411 112.773987 75.755381 38.145421 0.234022 -37.688647 -75.335065 -112.425591 -148.686715 -183.845712 -217.647818 -249.851623 -280.226310 -308.564832 -334.676835 -358.403669 -379.621198 -398.231446 -414.184384 -427.465715 -438.092101 -446.122943 -451.650643 -402.936270 -352.070392 
396.635977 405.921971 412.960073 407.395731 399.642852 389.614322 377.247452 362.520049 345.449716 326.072277 304.458165 280.714646 254.975049 227.400900 198.172219 167.482242 135.547361 102.602218 68.885120 34.642459 0.129881 -34.394097 -68.670368 -102.451800 -135.495065 -167.553814 -198.401666 -227.826731 -255.623653 -281.610179 -305.621658 -327.519265 -347.195970 -364.567097 -379.587030 -392.240607 -402.537030 -410.523005 -416.273897 -370.718365 -322.835371 
364.816871 374.259948 381.312260 375.567810 367.862004 358.128731 346.316698 332.408494 316.421372 298.391560 278.383012 256.488558 232.823516 207.529789 180.767526 152.707388 123.540364 93.474859 62.723616 31.502922 0.041113 -31.427912 -62.676803 -93.486358 -123.637625 -152.910240 -181.104147 -208.031981 -233.510653 -257.379870 -279.496198 -299.737010 -318.009126 -334.238200 -348.381341 -360.423383 -370.368636 -378.252367 -384.135528 -341.470897 -296.356037 
335.830682 345.407551 352.497120 346.654458 339.049872 329.634333 318.367751 305.235985 290.255704 273.463040 254.916553 234.696633 212.904541 189.667025 165.126558 139.432744 112.754474 85.278920 57.190916 28.685382 -0.031481 -28.755850 -57.283549 -85.420192 -112.970732 -139.737515 -165.543486 -190.222605 -213.611964 -235.569879 -255.971758 -274.707904 -291.694656 -306.868007 -320.187786 -331.637078 -341.217140 -348.954068 -354.896241 -314.879239 -272.332602 
309.400279 319.084931 326.223652 320.348573 312.888079 303.805655 293.071400 280.675216 266.632487 250.977724 233.764607 215.064973 194.969633 173.591076 151.054250 127.491600 103.055588 77.908430 52.217183 26.157472 -0.091909 -26.346854 -52.424938 -78.155942 -103.365428 -127.875120 -151.529440 -174.180422 -195.683469 -215.913432 -234.759168 -252.123658 -267.932216 -282.127926 -294.673727 -305.550616 -314.756489 -322.312292 -328.257058 -290.667597 -250.502770 
285.275161 295.042760 302.235914 296.380622 289.096906 280.356710 270.139108 258.438374 245.268975 230.662617 214.669408 197.354823 178.799019 159.102045 138.375222 116.738196 94.321274 71.273348 47.744106 23.885115 -0.140962 -24.171739 -48.043830 -71.608115 -94.707421 -117.181254 -138.893591 -159.712905 -179.509653 -198.171911 -215.602268 -231.714335 -246.439674 -259.728583 -271.546236 -281.871047 -290.700257 -298.051803 -303.954675 -268.591028 -230.634112 
263.232681 273.059118 280.306556 274.511514 267.428737 259.034865 249.316255 238.272988 225.918202 212.279578 197.404201 181.352477 164.196159 146.024619 126.938101 107.037558 86.445778 65.295161 43.713878 21.840758 -0.180889 -22.206399 -44.090145 -65.699439 -86.893582 -107.528219 -127.486122 -146.647768 -164.896731 -182.135476 -198.275469 -213.240675 -226.970034 -239.416247 -250.547189 -260.343624 -268.799935 -275.927984 -281.751358 -248.431427 -212.522748 
243.073044 252.935068 260.233020 254.529715 247.663826 239.616635 230.380436 219.957972 208.361181 195.616312 181.768059 166.871224 150.989817 134.205418 116.602183 98.276939 79.338469 59.899397 40.078647 19.998484 -0.214172 -20.430802 -40.518741 -60.361352 -79.832820 -98.804789 -117.173310 -134.831036 -151.674616 -167.617092 -182.580402 -196.495682 -209.304370 -220.965536 -231.452666 -240.743979 -248.829970 -255.721249 -261.437893 -229.996727 -195.988570 
224.616691 234.492744 241.834057 236.245461 229.608786 221.907245 213.133918 203.295129 192.405881 180.489964 167.586590 153.746253 139.029323 123.503799 107.250373 90.354324 72.909670 55.021424 36.793399 18.333481 -0.244712 -18.824273 -37.287322 -55.531212 -73.443987 -90.909044 -107.836265 -124.128513 -139.693747 -154.456473 -168.343129 -181.289883 -193.248014 -204.181978 -214.062711 -222.868676 -230.592379 -237.240189 -242.827777 -213.115234 -180.871897 
207.700789 217.570718 224.948720 219.495071 213.093438 205.729769 197.400043 188.113664 177.885106 166.735306 154.702144 141.832947 128.176606 113.799794 98.775673 83.175796 67.088081 50.604985 33.817875 16.825027 -0.271996 -17.368851 -34.359834 -51.156082 -67.655296 -83.753899 -99.371559 -114.421247 -128.823298 -142.506080 -155.402030 -167.460647 -178.635733 -188.889188 -198.197763 -206.542245 -213.912307 -220.312303 -225.754895 -197.633978 -167.029624 
192.180405 202.026981 209.433018 204.126396 197.962634 190.930220 183.026066 174.260334 164.647690 154.209262 142.980533 130.998863 118.313900 104.988131 91.081150 76.660311 61.804967 46.596573 31.117704 15.456139 -0.296812 -16.048581 -31.705578 -47.188149 -62.403828 -77.259428 -91.685519 -105.605065 -118.942588 -131.633786 -143.625094 -154.866535 -165.311582 -174.930968 -183.703079 -191.606809 -198.633154 -204.784179 -210.069207 -183.416347 -154.336119 
177.924318 187.730154 195.156013 190.009232 184.083737 177.371860 169.874166 161.600162 152.562965 142.784006 132.294104 121.129939 109.338021 96.969373 84.082054 70.736996 57.002442 42.953071 28.662453 14.211252 -0.321222 -14.852640 -29.296490 -43.584140 -57.631444 -71.356400 -84.699366 -97.583549 -109.944610 -121.732692 -132.890537 -143.373010 -153.143703 -162.171543 -170.437206 -177.922137 -184.615301 -190.518782 -195.638966 -170.339732 -142.675698 
164.814711 174.566765 182.004322 177.022247 171.332573 164.932634 157.822516 150.010606 141.511726 132.344161 122.537154 112.126849 101.151296 89.660057 77.705609 65.340779 52.628002 39.633873 26.426444 13.075442 -0.347396 -13.767058 -27.106982 -40.306803 -53.290573 -65.986763 -78.334968 -90.270766 -101.744323 -112.698553 -123.086014 -132.869861 -142.012392 -150.487867 -158.278080 -165.363928 -171.736242 -177.393779 -182.339744 -158.291913 -131.948322 
152.747432 162.431405 169.870338 165.058721 159.603559 153.503566 146.760943 139.385977 131.389307 122.787834 113.613609 103.896437 93.672360 82.986814 71.885161 60.415777 48.634696 36.604604 24.383856 12.035256 -0.375476 -12.782443 -25.116068 -37.323616 -49.338882 -61.088805 -72.527906 -83.601930 -94.253744 -104.440666 -114.119841 -123.254350 -131.813959 -139.772397 -147.113129 -153.820015 -159.879974 -165.292808 -170.064758 -147.177837 -122.064569 
141.625867 151.231048 158.662743 154.022624 148.797197 142.986714 136.594204 129.628447 122.099213 114.026608 105.437672 96.360388 86.828979 76.882043 66.560628 55.910247 44.983342 33.833335 22.512621 11.079137 -0.407860 -11.889791 -23.304594 -34.608774 -45.731315 -56.617435 -67.228687 -77.503417 -87.402462 -96.882270 -105.903907 -114.437097 -122.451195 -129.925153 -136.842987 -143.185973 -148.945658 -154.123380 -158.719557 -136.905031 -112.938082 
155.114689 153.301271 149.410286 144.987975 140.030150 134.536502 128.510825 121.961205 114.900146 107.344640 99.316173 90.840660 81.948322 72.673483 63.054314 53.132503 42.952879 32.562972 22.012541 11.353057 0.637155 -10.081922 -20.750904 -31.317060 -41.728765 -51.936046 -61.891096 -71.548761 -80.866970 -89.807126 -98.334435 -106.418176 -114.031902 -121.153582 -127.765669 -133.855102 -139.413251 -144.435790 -148.922527 -152.877175 -154.722177 
