3132.908437 3609.853759 4158.813599 4792.272470 5523.721119 6366.884035 7334.552760 8436.836968 9679.051071 11058.983728 12563.283189 14165.330878 15823.404297 17481.674193 19073.665714 20530.024611 21786.529217 22792.681430 23515.268375 23937.528353 24055.747662 23874.831953 23403.494759 22652.088425 21636.388868 20384.666577 18941.830486 17367.246531 15727.332912 14086.526350 12499.874685 11008.801647 9640.023336 8406.904852 7312.084238 6350.503345 5512.188715 4784.584145 4154.147946 3607.621650 3132.481657 
3112.051464 3585.875281 4131.583847 4762.067920 5491.305962 6333.753879 7303.151047 8410.992732 9664.166756 11061.750176 12591.802538 14227.922938 15927.468752 17631.577831 19269.604026 20766.745790 22054.612900 23080.719740 23812.919398 24237.234781 24352.636819 24166.805421 23689.604981 22928.773044 21895.598313 20615.538213 19134.406467 17515.635526 15830.915592 14149.321719 12528.884895 11012.194738 9625.708990 8381.660768 7281.205545 6317.780581 5480.138768 4754.690672 4127.193762 3583.848238 3111.804061 
3049.626730 3513.806785 4049.485006 4670.569602 5392.452157 6231.774529 7205.349257 8328.811465 9613.625827 11063.964131 12671.838967 14412.515645 16240.294781 18087.688150 19869.435251 21493.096397 22875.490333 23958.331184 24714.685707 25140.897461 25244.466981 25043.369051 24552.893100 23770.563924 22689.835484 21325.074098 19725.176062 17967.915797 16143.015091 14334.794243 12610.615036 11016.323625 9577.081446 8301.209616 7184.983413 6217.121424 5382.383154 4664.119847 4045.911464 3512.446731 3049.912852 
2946.144758 3393.527117 3911.459703 4515.198373 5222.494274 6053.533870 7030.423353 8175.696164 9509.665007 11046.035921 12785.507238 14707.733497 16763.435123 18869.502736 20911.806820 22761.005178 24301.557250 25464.641917 26241.363155 26655.930624 26726.676629 26496.615864 26002.395994 25213.105091 24073.479387 22569.073038 20756.454087 18746.339325 16666.970409 14632.793679 12727.772030 11002.002041 9476.480806 8151.113143 7012.648683 6041.122299 5214.275721 4510.290581 3909.156992 3393.247359 2947.304591 
2802.686821 3225.192999 3716.054130 4292.213002 4974.318580 5787.260520 6760.397735 7926.710424 9320.456997 10971.673504 12897.604267 15089.244393 17495.914433 20011.159747 22470.381363 24671.553806 26430.144527 27656.638160 28400.333387 28770.141625 28760.050600 28470.740289 28029.260837 27318.961936 26156.531294 24460.394778 22310.310218 19890.380450 17404.809768 15020.663021 12846.158235 10933.403921 9292.328340 7906.512739 6746.321979 5777.953146 4968.700263 4289.453650 3715.491621 3226.321928 2805.036860 
2621.214831 3009.572629 3462.255725 3997.720280 4639.452024 5417.669328 6370.697865 7545.723315 8997.162040 10781.779775 12946.481107 15508.310931 18424.719883 21561.287676 24669.371896 27404.519977 29423.292842 30574.400172 31082.264354 31394.745739 31203.812577 30740.926100 30547.821963 30188.543818 29148.762497 27207.846211 24526.604116 21456.531308 18347.484823 15451.397162 12904.929404 10751.796488 8976.016833 7531.269816 6361.428866 5412.319868 4637.111284 3997.659531 3463.915579 3012.492742 2625.037790 
2404.926940 2748.890182 3150.617760 3629.074306 4209.848257 4927.964502 5831.515086 6984.653452 8469.588318 10382.850221 12822.446661 15858.466194 19483.363669 23541.525943 27657.214363 31210.467733 33466.351499 34004.128934 33463.370928 34083.382301 33544.334261 32350.891025 33113.787931 33886.575251 33370.269094 31118.725613 27575.770368 23474.499773 19431.247159 15819.669962 12794.602314 10363.746555 8457.190781 6977.358870 5828.014655 4927.360017 4211.366482 3632.182585 3154.854296 2753.943165 2410.461546 
2158.570908 2447.524025 2784.325262 3186.828186 3680.481101 4302.772969 5109.211733 6180.658659 7630.369288 9606.035920 12279.456872 15810.935774 20273.138752 25522.848985 31024.008792 35671.628020 37790.213034 35737.987180 29946.756273 33884.293895 32969.030434 28013.746082 32882.478403 37137.321984 38312.808692 35839.863486 31059.768149 25515.045520 20255.577809 15795.180124 12268.495769 9599.878424 7628.240669 6181.630704 5112.397058 4307.549241 3686.376606 3193.470448 2791.441887 2454.919500 2166.002104 
1888.604493 2112.567086 2370.691791 2677.032896 3052.780340 3531.553520 4167.105002 5044.084971 6290.273932 8086.270638 10661.997493 14262.214035 19054.820359 24949.191960 31282.698768 36332.791101 36661.974861 26293.859977 -9977.299409 17813.583008 19045.520632 -7912.798811 17294.428543 31917.848086 38251.495057 36834.950701 31441.929148 24998.457752 19070.842290 14269.897628 10668.930276 8094.242729 6299.408416 5054.078934 4177.595517 3542.209492 3063.408095 2687.488269 2380.900514 2122.447667 1898.054687 
1603.094607 1754.322963 1922.524654 2114.442769 2340.949545 2620.646127 2985.732676 3490.129201 4220.189419 5304.393421 6914.670757 9244.657473 12442.292050 16457.483258 20730.366756 23551.245958 20883.513520 6690.238195 3590.740400 -28404.849879 1475.341711 -452.597758 -32424.937998 5368.531034 21574.692579 23886.038603 20856.046236 16511.736013 12474.977274 9270.804721 6938.370200 5326.625676 4241.033830 3509.586698 3003.833060 2637.458007 2356.501180 2128.870218 1935.920631 1766.781369 1614.616660 
1311.292372 1386.392975 1459.246185 1526.704046 1584.219078 1625.452603 1641.373364 1619.171669 1540.851858 1381.758052 1109.486234 684.970277 67.258613 -772.538858 -1813.619546 -2858.417287 -2990.342672 2133.003449 35080.776116 245.752112 1555.366013 25194.324388 -7670.368990 -7639.239886 -5363.941711 -3452.986351 -1946.307800 -777.123686 98.664580 724.750284 1148.913364 1418.116417 1573.538674 1648.245245 1667.197559 1648.439320 1604.743881 1545.101107 1475.825396 1401.409713 1324.864938 
1022.909401 1024.459092 1005.288010 952.746982 847.520557 659.281572 339.712085 -187.414355 -1038.857192 -2383.631502 -4445.637009 -7481.141482 -11705.340608 -17125.035625 -23192.613790 -28087.710920 -27351.887998 -13830.391955 -8716.979120 14172.159871 -17761.718935 -16632.813235 16288.156040 -17339.404922 -29717.342490 -28923.524089 -23416.193109 -17143.577508 -11661.900090 -7423.387032 -4389.016979 -2332.650152 -994.285897 -148.823661 373.105881 688.265372 872.830456 974.976703 1024.919147 1041.913842 1038.435112 
747.222904 683.489679 584.021754 429.834589 192.643095 -170.672169 -726.323529 -1575.173022 -2865.751606 -4804.986479 -7655.359822 -11702.133939 -17163.459402 -24011.992979 -31674.880176 -38626.117910 -42211.195301 -40553.333429 -41212.127147 -40795.535287 -45216.870536 -51695.638152 -30299.938106 -38422.206244 -42195.691348 -38739.197501 -31675.767989 -23946.118488 -17076.676629 -11616.356638 -7578.501161 -4738.716513 -2809.469468 -1527.470800 -685.829774 -136.096909 222.361146 455.580670 606.466045 703.186759 764.529793 
492.204801 375.234935 212.261323 -18.360890 -347.587309 -820.084652 -1500.838130 -2482.633028 -3893.921872 -5902.111572 -8705.371947 -12501.707382 -17421.448123 -23412.354627 -30079.989800 -36534.780643 -41450.029755 -43864.613072 -44776.245766 -42758.951648 -39980.480642 -35830.241313 -37712.921705 -40921.745071 -40435.160296 -36133.270936 -29851.170727 -23240.080081 -17279.362866 -12383.232549 -8607.097928 -5820.864848 -3826.691663 -2426.721875 -1454.025025 -780.617812 -314.001256 10.410430 237.124705 396.871489 511.051197 
263.865425 107.279605 -100.887275 -382.057146 -765.486328 -1291.386179 -2014.636342 -3008.574147 -4367.788498 -6206.371073 -8649.414763 -11811.604694 -15763.016616 -20484.677806 -25826.906660 -31471.775199 -36851.471320 -40915.735387 -41617.254305 -34826.261053 -23814.117754 -19959.435070 -35743.285641 -38404.704705 -35730.368295 -30894.503938 -25470.391199 -20233.218153 -15573.028681 -11663.479284 -8531.939908 -6112.126755 -4291.301660 -2945.908790 -1962.715390 -1247.961090 -728.817820 -350.828794 -74.096492 130.458411 283.948376 
65.928407 -116.870462 -352.770829 -660.941697 -1066.780464 -1603.358569 -2313.083041 -3249.158529 -4474.980569 -6061.361995 -8079.180828 -10589.189568 -13633.709901 -17245.859992 -21491.991702 -26497.994460 -32173.521423 -37136.664095 -37088.232926 -19221.699189 -27533.505656 -8818.134715 -31247.118167 -35193.930388 -31279.285037 -25927.774821 -21084.179934 -16945.711961 -13409.460245 -10418.856395 -7947.461138 -5957.646628 -4391.966650 -3181.705181 -2257.593067 -1557.142205 -1027.940507 -627.975234 -324.570302 -92.596558 86.895357 
-100.149930 -297.195247 -545.501387 -861.205796 -1264.689126 -1781.174936 -2440.959925 -3279.110887 -4333.633631 -5641.711956 -7233.396132 -9125.893696 -11323.412014 -13838.535971 -16740.747353 -20127.655468 -23521.613351 -24049.097407 -19529.320576 14.030722 -6553.168977 -5376.199604 -3281.662647 -22955.360617 -23065.370180 -19610.502079 -16299.138243 -13504.188455 -11077.116345 -8942.690601 -7094.156027 -5533.331414 -4247.519363 -3209.389080 -2383.674418 -1733.546719 -1224.684793 -827.282196 -516.524594 -272.258139 -78.686907 
-234.888091 -436.133819 -684.633483 -992.988894 -1376.509576 -1852.907377 -2441.717078 -3163.026407 -4034.780829 -5067.726919 -6258.871502 -7581.787604 -8975.651576 -10329.496355 -11437.951988 -11768.612002 -9221.563458 6272.951544 -3483.618942 -2014.550242 -6529.151320 -5850.090582 11863.785396 -3740.871475 -9717.116242 -11175.338214 -10916.546701 -9963.435374 -8720.263928 -7397.400725 -6120.502681 -4960.468243 -3949.435666 -3093.795488 -2384.620079 -1805.270563 -1336.403173 -958.938805 -655.514069 -411.075603 -213.336644 
-340.325639 -538.021759 -777.649916 -1068.320841 -1420.772053 -1846.081852 -2355.138241 -2956.451463 -3652.863711 -4436.161828 -5278.840004 -6119.943811 -6840.636234 -7217.196026 -6839.597866 -5059.396961 -1350.880814 2908.950748 478.123080 -19794.746842 -17819.344199 2034.346304 -7579.822975 16627.577862 2714.817416 -3574.501628 -6163.655486 -6843.203350 -6601.064001 -5950.546722 -5151.288988 -4336.153245 -3572.273481 -2890.329240 -2300.145050 -1799.850478 -1381.599447 -1034.973523 -749.028324 -513.381224 -319.097631 
-419.518255 -608.178786 -832.759951 -1099.517793 -1415.039782 -1785.434464 -2214.963341 -2703.953465 -3245.458731 -3820.062567 -4387.477639 -4872.717361 -5141.989949 -4962.324055 -3969.159761 -1872.680028 -55.533873 -9415.533427 2951.003876 -13767.485072 1445.386680 -12934.572935 -12183.106524 5168.525301 3364.640833 -810.748969 -3511.562176 -4700.862161 -4963.008527 -4737.660806 -4280.278893 -3732.633003 -3172.987714 -2643.227210 -2163.676792 -1741.846546 -1377.796268 -1067.558614 -805.267258 -584.406762 -399.016004 
-476.065231 -652.075609 -858.079693 -1097.813284 -1374.815228 -1691.471624 -2047.512591 -2438.341473 -2851.942898 -3264.715979 -3634.867437 -3893.090766 -3927.784178 -3567.415547 -2581.886280 -810.450889 1299.972400 1879.608886 3625.472705 3344.549303 312.336353 -12213.204913 -2685.734684 -10206.031305 -985.344931 -1223.560989 -2593.730260 -3488.193027 -3832.395292 -3801.683471 -3552.756581 -3192.709278 -2789.540127 -2384.492417 -2001.109098 -1651.451037 -1340.278277 -1067.935399 -832.217417 -629.635851 -456.670910 
-513.719474 -675.094197 -860.901020 -1072.971192 -1312.710521 -1579.864372 -1871.638475 -2180.994325 -2494.467022 -2789.244413 -3029.584051 -3161.521737 -3108.636529 -2771.979486 -2049.158047 -910.282518 427.440994 1404.029653 2033.452204 2187.411881 763.251586 -1430.802095 -677.513342 -2287.868973 -1206.297500 -1513.457529 -2236.081806 -2797.751503 -3073.867843 -3106.347405 -2970.318951 -2732.451254 -2442.512157 -2134.640474 -1830.808717 -1544.108081 -1281.483658 -1045.760022 -837.166359 -654.397114 -495.788417 
-536.100408 -682.074318 -847.532803 -1032.985402 -1238.313864 -1461.859063 -1699.512030 -1943.656338 -2181.582385 -2394.326722 -2554.296843 -2624.402252 -2559.026099 -2310.627816 -1848.957422 -1202.424358 -514.146568 -29.822638 145.710001 97.404519 -387.512313 -1113.947502 -1067.074618 -1380.667900 -1354.434519 -1618.648382 -2021.780342 -2360.683476 -2551.306936 -2591.453623 -2512.032445 -2350.402885 -2139.519495 -1904.864740 -1664.610724 -1430.835648 -1210.922427 -1008.882087 -826.365524 -663.508329 -519.958266 
-546.508635 -677.198779 -823.137660 -983.943874 -1158.659903 -1344.829720 -1538.041196 -1731.100611 -1913.462427 -2070.343380 -2182.165047 -2225.715042 -2176.532507 -2015.811472 -1743.462810 -1397.502538 -1067.926668 -872.735286 -866.184116 -995.694294 -1266.010017 -1549.807044 -1403.265893 -1373.813928 -1423.676724 -1605.060313 -1843.994334 -2050.210415 -2173.829044 -2203.864894 -2151.587159 -2036.861509 -1880.305149 -1699.771503 -1509.239085 -1318.841861 -1135.452860 -963.351754 -804.898823 -661.089570 -532.451450 
-547.828104 -663.921566 -791.735486 -930.406986 -1078.456484 -1233.157416 -1390.369348 -1543.926881 -1685.577467 -1804.203003 -1887.111394 -1920.462338 -1892.588579 -1798.442604 -1647.786930 -1472.100444 -1326.144068 -1271.080500 -1337.620122 -1505.496756 -1712.930936 -1658.367238 -1441.571647 -1345.407121 -1399.330439 -1531.555538 -1683.776743 -1811.562572 -1888.327539 -1905.116022 -1865.557082 -1779.944648 -1660.751770 -1519.988964 -1367.900994 -1212.519445 -1059.757663 -913.654435 -776.786022 -650.587968 -536.123774 
-542.495498 -645.010964 -756.443739 -875.580616 -1000.667064 -1129.176377 -1257.378379 -1380.399931 -1491.595961 -1583.484902 -1647.773576 -1676.837741 -1665.590894 -1615.380770 -1536.799911 -1453.023822 -1397.774026 -1405.224791 -1491.336603 -1634.527006 -1745.863666 -1623.013064 -1388.326578 -1290.425336 -1354.828325 -1451.858024 -1546.697808 -1621.968401 -1664.953537 -1669.410934 -1635.646662 -1568.574220 -1475.431087 -1364.032006 -1241.603792 -1114.277905 -986.874517 -862.977162 -745.066933 -634.765817 -533.384907 
-532.515590 -622.734803 -719.553507 -821.586622 -927.139089 -1033.870766 -1138.736096 -1237.572082 -1325.628870 -1397.662172 -1448.440464 -1473.771730 -1472.271358 -1446.837320 -1406.692446 -1368.230831 -1353.097833 -1382.115443 -1464.875465 -1584.686442 -1675.804969 -1623.312196 -1500.043866 -1420.863743 -1395.001342 -1407.588424 -1438.609162 -1469.252710 -1485.497892 -1479.341055 -1448.212954 -1393.502229 -1318.995989 -1229.534672 -1130.079942 -1025.170456 -918.620386 -813.456666 -711.966034 -615.728489 -526.211898 
-519.503730 -598.720145 -682.628401 -769.877687 -858.843179 -947.534309 -1033.247292 -1112.741251 -1182.463754 -1238.729676 -1278.111538 -1298.448919 -1299.647875 -1284.545580 -1260.470273 -1238.817566 -1234.022665 -1259.952931 -1324.316764 -1419.177112 -1512.777852 -1562.177086 -1589.806057 -1537.539139 -1425.067175 -1362.155034 -1341.745833 -1339.182401 -1336.253310 -1322.481508 -1293.136734 -1247.352808 -1186.677292 -1113.924497 -1032.420833 -945.456603 -855.992241 -766.544899 -679.106647 -595.156686 -516.188861 
-504.740568 -574.157006 -646.801912 -721.325339 -796.295512 -869.881275 -939.787426 -1003.420318 -1058.035968 -1100.911379 -1129.673689 -1143.061962 -1140.934144 -1125.911210 -1102.847945 -1079.597884 -1066.267328 -1074.110024 -1111.506709 -1179.001460 -1266.462153 -1356.886382 -1429.396378 -1409.153770 -1331.042328 -1269.476449 -1236.186448 -1219.778475 -1207.417826 -1190.176388 -1163.151388 -1124.529264 -1074.584420 -1014.850893 -947.524854 -874.966147 -799.485391 -723.141739 -647.616293 -574.290068 -504.558649 
-489.228573 -550.057795 -612.907132 -676.538802 -739.654369 -800.556402 -857.264432 -907.595137 -949.367852 -980.332201 -998.652281 -1003.001409 -993.365492 -970.856334 -938.216786 -900.245124 -864.849405 -843.056107 -847.463563 -884.658699 -955.302464 -1057.186516 -1162.861082 -1199.638547 -1180.422329 -1149.065121 -1124.702484 -1108.190089 -1094.195339 -1077.201882 -1053.417671 -1021.007794 -979.687759 -930.285955 -874.241192 -813.287845 -749.239934 -683.746643 -618.244684 -554.001548 -492.276737 
-473.743824 -527.108391 -581.525580 -635.898895 -688.975678 -739.189803 -784.751488 -823.827315 -854.419079 -874.473925 -882.244181 -876.335592 -855.991952 -820.592013 -770.486250 -707.242610 -635.861415 -570.144512 -535.604981 -542.948328 -586.515097 -678.341414 -858.483308 -976.578540 -1019.525532 -1023.886272 -1016.084030 -1006.160620 -995.095974 -980.752252 -960.842306 -933.954798 -899.706723 -858.569619 -811.533213 -759.930401 -705.176110 -648.597362 -591.479997 -534.920441 -480.061363 
-458.879744 -505.793518 -553.046543 -599.595887 -644.224237 -685.428721 -721.650206 -751.100165 -771.827010 -781.821916 -779.217349 -762.299881 -729.094662 -677.482545 -604.397042 -505.554283 -378.091084 -238.522898 -153.819666 -153.447995 -156.651631 -111.954362 -518.430173 -762.614508 -870.329379 -908.466370 -917.796164 -916.430960 -910.128852 -899.450190 -883.493823 -861.412104 -832.940006 -798.397150 -758.528769 -714.387081 -667.091507 -617.793319 -567.613831 -517.481849 -468.436940 
-445.081666 -486.553695 -527.760477 -567.776684 -605.324216 -639.100602 -667.497299 -688.764026 -700.821647 -701.671988 -689.098745 -660.791798 -613.939663 -544.997731 -447.127004 -305.440995 -93.111583 202.245050 407.660555 293.171821 313.330277 1243.845171 -175.230123 -606.510263 -759.416771 -816.281772 -836.409649 -841.701917 -839.781669 -832.593527 -820.119718 -801.977924 -778.084609 -748.697894 -714.426653 -676.137044 -634.768669 -591.344023 -546.803340 -501.974959 -457.769818 
-432.672563 -469.625900 -505.857474 -540.459811 -572.290382 -600.014947 -622.013881 -636.427872 -641.154419 -633.782093 -611.761648 -572.109276 -511.645941 -426.587662 -309.785936 -139.699652 154.344478 757.844044 1649.790863 696.115655 85.888100 -280.236109 -502.753702 -637.690181 -714.914493 -755.591461 -775.197089 -783.166754 -784.057418 -779.482021 -769.671612 -754.532441 -734.079698 -708.542555 -678.503606 -644.686683 -607.925875 -569.114650 -529.062056 -488.533477 -448.296691 
-421.871125 -455.149399 -487.371884 -517.695183 -545.051039 -568.029899 -585.038591 -594.064349 -592.752754 -578.330009 -547.506703 -496.383543 -421.443478 -320.387316 -195.963844 -62.871228 51.805217 164.230721 283.784830 320.857078 -387.506984 -1898.979556 -877.363246 -700.122249 -694.221814 -714.144017 -730.340777 -739.237112 -741.839841 -739.035845 -731.104813 -718.065751 -699.969622 -677.131112 -650.106657 -619.543268 -586.213895 -550.899931 -514.328249 -477.202708 -440.146630 
-412.803787 -443.224072 -472.318212 -499.447492 -523.475938 -543.061257 -556.509609 -561.703666 -555.933165 -535.914347 -497.160350 -434.061948 -340.222889 -209.982991 -48.647573 89.331787 -4.485844 -454.643220 -1240.959360 -542.776655 -395.532531 -757.302635 -649.794725 -627.802791 -649.706082 -676.196497 -695.536909 -706.754892 -711.183104 -709.881783 -703.282280 -691.552473 -674.897090 -653.734037 -628.616451 -600.205993 -569.241665 -536.433019 -502.449521 -467.934329 -433.358063 
-405.512544 -433.797901 -460.652939 -485.554321 -507.422431 -524.954316 -536.361300 -539.425511 -531.224979 -507.642130 -462.858743 -388.396574 -270.388684 -84.837807 209.292728 627.412350 469.449656 11.942869 -561.391147 -814.541131 -600.449259 -483.653775 -456.619641 -535.198491 -600.561496 -642.654415 -668.536292 -683.466705 -690.404754 -690.762318 -685.195363 -674.149439 -658.091584 -637.620642 -613.394255 -586.132880 -556.581663 -525.399968 -493.228448 -460.611559 -427.892103 
-399.960386 -426.782002 -452.204124 -475.820420 -496.677288 -513.433793 -524.416021 -527.306163 -519.020677 -494.909996 -448.142495 -367.562833 -231.142007 16.835917 573.875810 2365.751862 1650.582351 32.140224 -628.733995 -745.648156 -759.367906 -578.553277 -330.079654 -483.992334 -572.408699 -620.053498 -649.768112 -668.643344 -678.752516 -681.024537 -676.250478 -665.241504 -648.894628 -628.135078 -603.816002 -576.786119 -547.788033 -517.465675 -486.402117 -455.059777 -423.643737 
-396.036166 -422.009361 -446.730141 -469.957883 -490.840692 -508.127039 -520.275695 -525.081502 -519.378386 -498.547312 -455.755562 -380.548709 -256.652850 -58.599543 248.638051 643.365705 250.147035 -471.575204 -679.628978 -894.522919 -904.955866 -845.528880 -673.945435 -598.819646 -588.833294 -609.357450 -637.623089 -661.400448 -675.928028 -680.486726 -676.084858 -664.264897 -646.620263 -624.535482 -599.180413 -571.526769 -542.318213 -512.177501 -481.608601 -451.017234 -420.452309 
-393.560474 -419.234446 -443.892541 -467.529936 -489.360875 -508.413937 -523.293269 -532.025655 -531.639351 -517.774683 -484.019692 -421.643531 -323.405842 -206.991606 -240.685993 -1418.578748 -532.370341 -709.495034 -922.615384 -1061.021608 -999.833434 -874.641572 -893.954824 -644.768017 -567.096433 -582.116020 -623.059409 -659.423845 -681.551410 -688.946547 -684.231916 -670.492205 -650.388908 -625.946427 -598.671531 -569.620701 -539.549681 -509.024209 -478.461719 -448.190797 -418.112544 
-392.293806 -418.109080 -443.242097 -467.922007 -491.566073 -513.446068 -532.464719 -547.013901 -554.498741 -550.876198 -529.449124 -479.445716 -385.215971 -229.110271 11.255303 679.384774 -361.554510 -794.475602 -1077.469439 -990.763472 -788.992946 -618.757619 -527.041103 -414.923839 -431.667220 -515.008732 -601.161504 -662.870332 -696.210049 -706.353041 -700.030754 -682.923496 -659.116297 -631.331545 -601.338026 -570.260472 -538.808681 -507.467042 -476.541215 -446.275806 -416.386907 
-391.947897 -418.214896 -444.266583 -470.492316 -496.614573 -522.156914 -546.503464 -568.522508 -586.370330 -596.612760 -592.584199 -560.700448 -472.750111 -278.778248 23.843267 -412.778329 -344.107311 -807.862151 -978.303634 -895.373329 -628.689726 -300.374773 -85.877270 -34.135849 -217.829197 -429.419947 -586.922121 -680.290376 -723.576834 -733.428367 -722.775347 -700.317383 -671.457737 -639.421480 -606.095201 -572.541913 -539.368849 -506.925145 -475.399421 -444.908811 -415.019440 
-392.200497 -419.179144 -446.399995 -474.526050 -503.511854 -533.298721 -563.765515 -594.554217 -624.975327 -653.328237 -675.497140 -681.549994 -647.800315 -530.178509 -369.379763 -1604.488328 -988.312716 -918.035330 -970.127378 -914.703210 -627.323912 42.046331 495.096853 480.311199 -14.510047 -397.077427 -621.097119 -730.584159 -770.647865 -771.655618 -751.739405 -721.233994 -685.890123 -648.858476 -611.794549 -575.531231 -540.482112 -506.808335 -474.561733 -443.732362 -413.750517 
-392.713254 -420.497150 -449.007751 -479.173771 -511.167694 -545.392451 -582.250928 -622.408193 -666.655319 -716.033266 -771.756416 -835.046415 -905.600825 -967.320106 -859.330950 833.125503 -1489.033371 -939.054797 -985.092073 -1026.075707 -871.485431 -237.360052 1415.839010 495.558090 -162.260685 -571.032982 -764.395723 -834.661069 -842.883559 -821.076067 -785.323150 -743.806755 -700.737489 -658.233928 -617.294832 -578.324497 -541.430525 -506.549289 -473.587199 -442.422543 -412.331446 
-393.151578 -421.715280 -451.510961 -483.605636 -518.470490 -556.877034 -599.837284 -648.883103 -706.371041 -776.024688 -864.256741 -982.356219 -1148.614659 -1368.256207 -1404.209423 1061.552461 856.009005 -621.553752 -1000.167570 -1185.497212 -1224.583404 -1119.087237 -703.753417 -655.997532 -944.423658 -1036.737252 -1030.131656 -987.698819 -933.505878 -876.306202 -819.682440 -765.331586 -714.039569 -666.103395 -621.520472 -580.097919 -541.572997 -505.665255 -472.121623 -440.696593 -410.537664 
-393.204738 -422.452683 -453.344264 -487.078068 -524.409684 -566.377764 -614.468004 -670.881876 -739.170161 -824.925438 -937.747319 -1094.637692 -1326.417943 -1688.060269 -2283.304971 -3526.833814 -1465.890532 -1246.950143 -1299.844730 -1467.449225 -1543.722372 -1577.416628 -3404.584785 -2548.007133 -1983.623320 -1572.983288 -1310.481652 -1139.691780 -1019.020531 -925.817366 -848.811995 -782.414315 -723.728651 -671.129781 -623.532667 -580.156389 -540.396614 -503.766040 -469.844035 -438.298538 -408.179408 
-392.604040 -422.307004 -453.991607 -488.968953 -528.144477 -572.716756 -624.463926 -686.055501 -761.546261 -857.378977 -984.211832 -1160.731428 -1422.427517 -1850.061323 -2700.877263 -5164.771457 -3808.266122 -2284.332833 -2000.531758 -2007.312218 -2195.984688 -2630.843446 -3398.391787 -3326.820106 -2443.367299 -1840.251179 -1468.865746 -1233.588191 -1074.258800 -957.854799 -866.859698 -791.945046 -728.036667 -672.192482 -622.567016 -577.961449 -537.499723 -500.514683 -466.487065 -435.018110 -405.109147 
-391.136967 -421.026775 -453.147008 -488.845852 -529.055984 -575.104455 -628.864871 -693.084051 -771.810813 -871.318900 -1001.548978 -1178.823940 -1431.063029 -1808.327796 -2399.262424 -3285.019643 -3551.448931 -2914.065854 -2570.054429 -2425.588019 -2645.355052 -3297.834959 -3088.313922 -2804.089861 -2268.665252 -1813.050665 -1484.544333 -1254.540867 -1089.924998 -966.962643 -870.694947 -792.127872 -725.870795 -668.583680 -618.156455 -573.172591 -532.602017 -495.696080 -461.892657 -430.744604 -401.225439 
-388.655769 -418.447820 -450.605178 -486.415922 -526.876595 -573.256257 -627.360011 -691.726977 -770.015224 -867.670087 -992.871473 -1158.217818 -1383.825582 -1702.477205 -2166.443612 -2835.034659 -3582.995301 -2957.168664 -2569.959803 -2393.922715 -2446.455110 -2642.096965 -2513.664133 -2290.019440 -1972.906114 -1667.533845 -1416.510339 -1221.701580 -1071.812432 -954.612884 -860.521417 -782.833078 -717.050217 -660.174449 -610.195354 -565.681738 -525.614592 -489.246706 -455.996804 -425.410670 -396.473310 
-385.079807 -414.447766 -446.214527 -481.621013 -521.586125 -567.234394 -620.185316 -682.622091 -757.563725 -849.248779 -963.644907 -1109.209594 -1297.878002 -1545.773380 -1870.348549 -2268.491123 -2618.415247 -2452.953934 -2262.268575 -2144.979611 -2121.875793 -2139.003683 -2052.631213 -1901.471474 -1703.306063 -1498.898056 -1314.565217 -1158.993510 -1031.018281 -925.944847 -838.757618 -765.244180 -702.205055 -647.308498 -598.850250 -555.581823 -516.596121 -481.181523 -448.794446 -419.006269 -390.841520 
-380.392031 -409.031229 -440.054036 -474.588447 -513.354022 -557.393667 -608.030538 -667.002553 -736.616592 -819.834972 -920.559412 -1043.610953 -1194.556557 -1378.374923 -1594.728998 -1823.996585 -1996.779428 -1986.738138 -1919.332627 -1857.612852 -1821.039347 -1790.116236 -1721.068554 -1615.526115 -1482.985470 -1341.374740 -1205.650148 -1083.685545 -977.668954 -886.687013 -808.624030 -741.205327 -682.416191 -630.618763 -584.522631 -543.144349 -505.710760 -471.610936 -440.362724 -411.585680 -384.357343 
-374.630730 -402.332964 -432.314521 -465.512814 -502.567955 -544.349198 -591.844841 -646.390821 -709.560425 -783.311357 -869.826770 -971.436963 -1089.860015 -1224.843097 -1370.940491 -1511.771155 -1614.440035 -1643.117264 -1629.150960 -1600.807297 -1570.496673 -1533.686161 -1477.404077 -1399.904240 -1305.672710 -1203.388370 -1101.530268 -1005.809469 -918.960065 -841.603958 -773.183044 -712.664766 -658.924775 -610.922032 -567.770843 -528.740802 -493.217094 -460.715849 -430.833596 -403.233212 -377.079629 
-367.878226 -391.830932 -420.119254 -451.230244 -485.703902 -524.130256 -567.245257 -615.939797 -671.195635 -734.116522 -805.724801 -886.760584 -977.103908 -1074.835600 -1174.603288 -1265.882862 -1333.301729 -1364.896147 -1369.045915 -1357.656357 -1337.552036 -1308.513386 -1266.741816 -1211.317447 -1144.497821 -1070.835202 -995.267492 -921.686080 -852.496447 -788.793926 -730.792706 -678.221402 -630.589317 -587.344353 -547.960616 -511.952983 -478.901562 -448.448378 -420.285281 -394.146231 -369.090995 
-364.266829 -384.984553 -412.170927 -441.965295 -474.815293 -511.143353 -551.614621 -596.849739 -647.578273 -704.499567 -768.205510 -838.755959 -915.591194 -996.452195 -1076.703915 -1148.474055 -1201.796638 -1230.100055 -1237.563502 -1231.611664 -1216.989943 -1194.045513 -1160.775136 -1116.461363 -1062.545445 -1002.188907 -939.055232 -876.275590 -816.020191 -759.469179 -707.097533 -658.939617 -614.765786 -574.257230 -537.057519 -502.809433 -471.198847 -441.934822 -414.759004 -389.455792 -364.930508 
