3195.856176 3685.267521 4247.186349 4895.704668 5644.752498 6508.351886 7499.769914 8629.871566 9904.315365 11321.575156 12868.747916 14519.655584 16232.600446 17951.155180 19607.716522 21130.287643 22451.362387 23515.680601 24285.218727 24739.402458 24872.340651 24689.055009 24199.763913 23416.485678 22356.810348 21051.507747 19548.760146 17911.466331 16209.248880 14509.030950 12867.502365 11326.903108 9914.205316 8642.626421 7514.394966 6523.951864 5660.797514 4911.853012 4263.121907 3700.885346 3210.780956 
3174.461218 3660.677489 4219.240507 4864.687826 5611.380540 6474.104885 7467.217114 8602.722308 9888.053187 11322.956875 12896.020496 14581.395234 16336.451656 18102.095335 19806.337562 21372.091296 22727.273236 23814.452171 24596.072955 25053.636997 25183.951137 24995.299959 24499.422199 23705.742422 22627.093794 21291.382041 19747.959926 18064.179056 16315.225802 14572.776003 12896.469864 11329.643043 9898.910050 8616.258407 7482.370608 6490.132206 5627.738214 4881.050101 4235.352852 3676.387013 3189.472135 
3110.430391 3586.744804 4135.005493 4770.709934 5509.666844 6368.907084 7365.885081 8516.562445 9833.324351 11320.846443 12972.162954 14762.996421 16648.284011 18560.554290 20413.652745 22113.032706 23571.401112 24724.479628 25537.961546 26001.632243 26120.389472 25914.746189 25403.619752 24585.992171 23455.448271 22028.567714 20358.856930 18529.377547 16634.273170 14760.781053 12977.766566 11331.550234 9847.122779 8532.271633 7382.586763 6386.092963 5526.883980 4787.703039 4151.597688 3602.806432 3125.693305 
3004.298122 3463.358298 3993.388346 4611.224412 5334.983096 6185.385912 7184.880812 8356.741985 9722.008975 11295.378852 13078.464129 15052.121807 17168.122089 19344.127794 21466.074532 23402.915921 25034.802612 26284.919364 27133.146509 27592.528801 27677.264284 27438.639385 26921.604570 26095.173767 24899.227010 23320.919642 21424.392072 19328.830390 17168.687917 15061.745540 13093.096382 11312.672540 9740.657749 8375.892668 7204.087048 6204.326754 5353.534592 4629.192253 4010.703395 3479.980505 3019.960302 
2857.186432 3290.707364 3793.014619 4382.543978 5080.290498 5911.581867 6906.271394 8098.048506 9522.079126 11209.463855 13178.753422 15422.674823 17892.369198 20483.492324 23032.735878 25337.886700 27210.339176 28550.308295 29389.267938 29814.946879 29811.467507 29504.921918 29042.108887 28300.092163 27074.460036 25284.956573 23027.154902 20500.488074 17918.217748 15450.809066 13206.493796 11235.915448 9547.082630 8121.734296 6928.685457 5932.854164 5100.517353 4401.771678 3811.267355 3308.023716 2873.366287 
2671.115745 3069.675074 3532.989032 4080.860200 4737.097590 5532.302576 6505.418755 7704.262135 9184.284945 11003.304627 13210.065416 15823.637532 18804.568232 22021.639299 25229.969609 28087.351047 30248.143736 31549.262418 32188.422500 32574.000860 32363.042675 31864.948007 31667.582288 31308.551821 30201.779282 28134.343124 25305.874804 22096.798476 18869.330678 15877.212664 13254.392001 11040.732195 9216.660071 7732.997571 6531.441841 5556.202104 4759.229055 4101.512271 3552.333581 3087.800855 2687.895559 
2449.360949 2802.588401 3213.929852 3703.622893 4297.442177 5030.925198 5952.554304 7127.321045 8638.103430 10582.909125 13061.395502 16146.397758 19833.782940 23972.935681 28194.019696 31882.811944 34305.637455 35030.310777 34663.151502 35393.002413 34753.010806 33491.270608 34315.863749 35199.265361 34617.807644 32178.215849 28423.333170 24137.681167 19950.065206 16229.876950 13123.660116 10631.536979 8677.867608 7161.066616 5982.144718 5057.411670 4321.529182 3725.731099 3234.388541 2821.572712 2466.783385 
2196.764230 2493.874413 2839.151357 3251.474285 3756.545017 4392.179993 5214.354517 6304.396519 7776.398137 9779.180415 12486.258908 16060.309957 20577.737331 25900.578947 31499.747003 36277.380775 38559.283165 36685.429889 31041.544716 35217.737180 33987.868154 28918.764099 34042.134453 38720.118931 39824.113031 37044.564522 31955.501735 26173.069970 20746.431106 16170.739036 12563.456554 9836.857363 7822.105877 6342.390572 5247.008524 4421.017684 3782.436532 3274.994261 2860.686123 2513.721038 2214.832775 
1919.893417 2150.811043 2416.124755 2730.735944 3116.057271 3605.917252 4254.356068 5146.384218 6410.379955 8227.733825 10829.495427 14462.111245 19296.147936 25244.449432 31648.688531 36787.242318 37206.038992 26844.880891 -9860.179834 18760.558375 19300.084689 -7851.762974 18056.295321 33839.941672 40021.691386 38105.668750 32300.583840 25586.713487 19490.812619 14583.678848 10912.791197 8289.609612 6459.399915 5187.108496 4289.325863 3636.642449 3143.499550 2755.512176 2438.658634 2171.422666 1938.576186 
1626.937462 1783.823640 1957.837439 2156.405750 2390.487818 2678.832561 3053.658119 3569.223079 4311.989030 5410.793098 7037.801632 9387.137414 12606.972650 16647.200183 20945.305234 23779.950592 21071.541069 6665.079455 3207.829977 -29156.462961 1131.814033 -671.655999 -32919.294453 7317.118604 23183.977473 24894.700908 21479.993778 16922.744839 12767.161353 9492.291219 7114.202436 5470.557918 4361.150331 3611.007208 3090.030286 2710.939179 2419.177905 2182.261733 1981.273767 1805.149724 1646.173016 
1327.276293 1406.663111 1483.943082 1556.378639 1619.439227 1666.731827 1689.302424 1674.213617 1603.405054 1451.879048 1186.701113 767.700016 151.966715 -693.361416 -1754.992968 -2848.704441 -3074.837759 1935.094087 35142.754552 -445.968372 1488.425936 25431.920185 -7888.622831 -7648.137423 -5272.041676 -3328.234598 -1815.548453 -650.811209 216.349627 832.243578 1245.843858 1504.707812 1650.307385 1715.843852 1726.331954 1699.829023 1649.106172 1583.116539 1508.138278 1428.625045 1346.979661 
1030.750937 1035.219956 1019.094093 969.863239 868.143648 683.519149 367.573298 -156.230124 -1005.017266 -2348.628296 -4412.101597 -7453.767381 -11692.261404 -17139.851125 -23256.416446 -28226.634989 -27571.270323 -14027.425592 -8760.130908 14264.793873 -17754.598822 -16519.316333 16778.311907 -19131.673604 -31084.193843 -29660.581391 -23768.667359 -17296.826202 -11715.872753 -7428.287512 -4370.107720 -2302.958055 -960.705441 -115.073034 405.036893 717.359262 898.622838 997.323683 1043.883879 1057.657102 1050.818034 
746.762273 684.610992 586.826049 434.334168 198.735452 -163.183243 -717.993062 -1566.777634 -2858.889968 -4802.017023 -7660.244723 -11721.006139 -17205.965292 -24092.465289 -31812.498008 -38839.853391 -42500.519344 -40864.728737 -41496.856498 -41247.228825 -45453.376289 -51933.233949 -30569.600413 -39945.777587 -43618.856552 -39689.706164 -32238.043379 -24262.933957 -17250.670635 -11709.143255 -7625.204636 -4759.278730 -2815.372481 -1525.445816 -679.878224 -128.610950 229.938545 462.416178 612.101341 707.404052 767.071582 
483.394458 366.691212 204.100755 -26.314349 -355.629699 -828.777101 -1510.944958 -2495.472557 -3911.423572 -5927.088092 -8742.054185 -12556.176924 -17502.258650 -23530.672145 -30248.437601 -36762.245685 -41729.754803 -44160.475656 -45043.740870 -43015.330258 -40158.124914 -36049.885667 -38215.982445 -41976.443161 -41511.050433 -36964.096186 -30418.988720 -23608.199069 -17513.464166 -12531.622656 -8701.545993 -5881.464698 -3866.039171 -2452.753208 -1471.780894 -793.333034 -323.766176 2.262496 229.738066 389.725499 503.805818 
246.754346 89.149263 -119.807102 -402.083624 -787.141229 -1315.379793 -2041.953769 -3040.790158 -4406.785098 -6255.135286 -8711.611463 -11892.297715 -15868.134627 -20620.587839 -25998.055235 -31675.981798 -37072.586721 -41119.963254 -41767.086890 -34895.427367 -23795.462703 -20037.206548 -36128.917892 -39075.715854 -36462.334869 -31528.194221 -25958.037033 -20587.244203 -15823.716461 -11840.011177 -8657.057186 -6202.092448 -4357.343058 -2995.658216 -2001.354870 -1279.021525 -754.695434 -373.161183 -93.983741 112.250688 267.105802 
40.643924 -144.338413 -382.069633 -692.567513 -1101.344582 -1641.665527 -2356.337014 -3298.750761 -4532.984563 -6130.230117 -8162.018752 -10689.408474 -13754.515479 -17388.784714 -21653.553102 -26663.950788 -32312.015412 -37201.077911 -37061.110942 -19057.954582 -27491.727170 -8778.401290 -31412.029607 -35566.792644 -31745.906092 -26383.918738 -21476.377792 -17260.517716 -13653.563928 -10605.615731 -8090.370024 -6068.021157 -4478.547713 -3250.964880 -2314.240972 -1604.570002 -1068.562592 -663.537889 -356.311684 -121.420267 60.748227 
-133.420825 -333.681668 -584.822191 -903.887390 -1311.443695 -1832.897671 -2498.781485 -3344.499210 -4408.447082 -5727.991105 -7333.530783 -9242.019681 -11456.775794 -13987.162259 -16895.103234 -20260.969529 -23571.877317 -23908.846277 -19309.134310 177.624205 -6553.168977 -5298.428127 -3119.680407 -23079.649435 -23338.983571 -19933.673650 -16611.551394 -13778.710998 -11306.897384 -9130.684015 -7246.860889 -5657.721680 -4349.775657 -3294.558301 -2455.703717 -1795.431909 -1278.686843 -875.091774 -559.420618 -311.187102 -113.778365 
-275.916280 -481.413990 -733.592720 -1046.235155 -1434.808327 -1917.130276 -2513.029485 -3242.880759 -4124.693622 -5169.542883 -6374.440283 -7712.775553 -9122.511592 -10489.727058 -11601.136129 -11901.799131 -9212.085548 6893.191203 -3301.380761 -2014.550242 -6523.653055 -5850.090582 12041.601710 -3689.369050 -9868.457205 -11417.560558 -11177.399025 -10208.769506 -8937.332766 -7583.991900 -6279.019470 -5094.896749 -4063.937365 -3192.102118 -2469.860297 -1879.955319 -1402.534077 -1018.069083 -708.868477 -459.596941 -256.977438 
-388.855012 -591.756369 -835.838942 -1131.672097 -1489.944035 -1922.082061 -2439.079024 -3049.593736 -3756.644172 -4552.249524 -5408.989289 -6265.804485 -7003.552087 -7397.452701 -7036.005432 -5268.817197 -1569.077457 2683.037876 234.219900 -20049.286771 -17945.691568 2034.346304 -7779.759583 17055.891626 2622.858096 -3794.192183 -6406.037721 -7075.000476 -6811.265656 -6136.628426 -5314.289165 -4478.525097 -3696.850473 -2999.827765 -2396.954350 -1886.006685 -1458.787432 -1104.578314 -812.171964 -570.962109 -370.885467 
-475.277699 -669.984464 -899.805940 -1172.413977 -1494.587730 -1872.580339 -2310.738747 -2809.517648 -3362.185872 -3949.545623 -4531.505950 -5033.374166 -5321.810702 -5165.268073 -4203.965439 -2166.234859 -510.142530 -10489.924638 2294.280784 -14359.984319 980.439324 -13412.049042 -12801.378845 4761.931080 3040.772708 -1094.357045 -3767.664731 -4932.871971 -5172.141974 -4925.135751 -4447.740795 -3882.047694 -3306.417061 -2762.656327 -2270.909072 -1838.484591 -1465.219797 -1146.950247 -877.614769 -650.577951 -458.561494 
-538.777146 -721.690797 -933.582981 -1179.863714 -1464.281014 -1789.173531 -2154.472187 -2555.617758 -2980.894005 -3406.803529 -3792.036291 -4067.648535 -4123.002298 -3788.864842 -2840.080933 -1128.080419 872.977783 1257.223518 2942.311978 2706.436579 -352.229353 -13005.086857 -3423.074876 -11347.858175 -1512.737487 -1566.707588 -2865.992697 -3723.697054 -4042.816592 -3991.759914 -3725.006128 -3348.938027 -2931.294939 -2513.196325 -2118.082651 -1757.917586 -1437.335302 -1156.564087 -913.305933 -703.990341 -523.609661 
-583.104761 -752.183887 -944.529459 -1163.872884 -1411.660619 -1687.706645 -1989.254998 -2309.461720 -2634.996132 -2943.337144 -3198.975444 -3348.560920 -3316.867250 -3006.819235 -2319.762149 -1231.895559 31.554972 911.696231 1474.611733 1627.092516 210.514900 -1991.000056 -1236.742743 -2882.359583 -1635.028220 -1837.325294 -2502.976072 -3031.370066 -3284.831007 -3299.394657 -3147.766148 -2895.673836 -2592.541615 -2272.407596 -1957.214190 -1660.033838 -1387.770761 -1143.231919 -926.618556 -736.556462 -569.785016 
-611.879988 -766.320398 -938.987873 -1132.403257 -1346.440716 -1579.454761 -1827.477119 -2082.932570 -2333.376919 -2559.809198 -2735.069593 -2822.636992 -2777.853640 -2554.655823 -2125.271396 -1521.206414 -887.804281 -465.988041 -337.424751 -385.414654 -842.291295 -1577.624810 -1500.380977 -1781.239742 -1689.637697 -1902.391687 -2271.886628 -2588.335281 -2762.142790 -2788.027450 -2695.475888 -2521.284370 -2298.251941 -2051.891274 -1800.459024 -1556.088892 -1326.236801 -1114.943290 -923.876909 -753.154117 -600.702581 
-628.401539 -768.323156 -922.147010 -1091.615176 -1275.633475 -1471.956566 -1676.138207 -1881.094700 -2076.233173 -2246.912436 -2373.826494 -2434.202435 -2404.123455 -2265.997285 -2021.128266 -1709.093928 -1420.094611 -1267.862495 -1293.764130 -1428.499692 -1684.162633 -1951.499402 -1741.665161 -1664.348228 -1685.469244 -1849.603774 -2076.405785 -2272.303746 -2385.912070 -2405.637800 -2342.578257 -2216.647969 -2048.646290 -1856.656860 -1654.851211 -1453.545266 -1259.751102 -1077.852528 -910.242127 -757.964134 -619.647951 
-635.546120 -761.644214 -898.065497 -1046.027031 -1204.110264 -1369.722080 -1538.595408 -1704.639505 -1859.341397 -1991.976733 -2089.654567 -2138.839030 -2128.158160 -2053.319279 -1924.650409 -1774.618861 -1657.674265 -1632.704444 -1724.461784 -1905.379254 -2107.211098 -1988.366944 -1688.300441 -1547.879082 -1605.254633 -1748.335243 -1906.048942 -2033.503262 -2105.798708 -2115.332705 -2066.603976 -1970.515412 -1840.054857 -1687.643225 -1523.843388 -1356.964487 -1193.120410 -1036.500986 -889.765589 -754.413865 -629.474684 
-635.734283 -749.052432 -869.764972 -998.917353 -1134.940995 -1275.175102 -1415.886374 -1551.961078 -1676.899600 -1782.973046 -1861.797452 -1905.648299 -1909.652421 -1874.933774 -1812.896116 -1746.740352 -1710.589768 -1737.942209 -1842.751755 -1997.948213 -2099.615256 -1909.787945 -1584.127287 -1448.489432 -1543.816876 -1667.143843 -1774.959912 -1853.838209 -1894.530607 -1892.807765 -1850.187363 -1772.434090 -1667.474058 -1543.638723 -1408.606187 -1268.839252 -1129.424448 -994.097406 -865.486099 -745.237411 -632.568119 
-630.942218 -732.684847 -839.512023 -952.494134 -1069.937475 -1189.406898 -1307.689615 -1420.610779 -1523.218777 -1609.956501 -1675.265619 -1714.728942 -1726.323891 -1713.015733 -1683.693889 -1654.971207 -1649.071628 -1687.745749 -1781.728754 -1913.394235 -2007.883500 -1930.394945 -1772.701555 -1676.863696 -1647.333568 -1661.374374 -1693.796031 -1723.331449 -1735.200766 -1721.526766 -1680.273948 -1613.536712 -1525.775060 -1422.421059 -1308.944637 -1190.263243 -1070.472360 -952.785228 -839.593934 -732.546326 -630.854877 
-622.740751 -714.172503 -808.955752 -908.145836 -1010.114265 -1112.674936 -1213.101191 -1308.010983 -1393.498927 -1465.464362 -1519.998749 -1554.103462 -1567.020561 -1560.873465 -1541.971759 -1521.682166 -1514.693565 -1537.187158 -1600.542814 -1701.738454 -1811.165899 -1885.067959 -1951.377891 -1907.995786 -1756.826892 -1668.560477 -1635.638614 -1624.964548 -1613.512729 -1589.114334 -1546.912848 -1486.558950 -1410.237906 -1321.402955 -1223.896735 -1121.408391 -1017.173957 -913.882536 -813.606863 -717.897428 -625.840154 
-612.346970 -694.741944 -779.188542 -866.741962 -955.918349 -1044.791267 -1131.042581 -1211.829295 -1284.035423 -1344.327862 -1389.586118 -1417.403592 -1426.667251 -1417.886955 -1394.798368 -1363.649621 -1334.537698 -1320.665362 -1336.944367 -1395.483854 -1497.127796 -1631.401522 -1767.181644 -1778.028766 -1691.139301 -1615.431224 -1570.601200 -1543.329941 -1518.557877 -1486.557129 -1442.659592 -1385.720528 -1316.755830 -1237.983146 -1152.105813 -1061.870338 -969.809917 -878.102588 -788.502144 -702.384659 -618.659133 
-600.678432 -675.252116 -750.907225 -828.756188 -907.453536 -985.348989 -1060.409313 -1130.196657 -1192.091557 -1243.123440 -1280.477260 -1301.571545 -1304.061277 -1286.820050 -1249.655052 -1194.429480 -1126.490215 -1057.097349 -1007.539498 -1007.615520 -1076.085673 -1227.223176 -1430.385449 -1542.085413 -1556.157620 -1533.031341 -1504.202896 -1475.933961 -1445.260700 -1408.159480 -1362.135712 -1306.467051 -1241.809218 -1169.688605 -1092.039096 -1010.900238 -928.220804 -845.715024 -764.830382 -686.733797 -610.133275 
-588.404015 -656.273240 -724.534981 -794.376880 -864.611582 -933.816136 -1000.181118 -1061.610681 -1115.709882 -1159.758529 -1190.862511 -1205.693010 -1200.715542 -1172.009877 -1115.114723 -1025.892917 -902.185391 -751.016484 -604.461480 -531.304154 -535.542561 -654.711706 -1024.195519 -1296.991289 -1421.961875 -1456.781561 -1450.237128 -1425.879603 -1391.933549 -1350.333806 -1301.295701 -1245.039887 -1182.275864 -1114.154174 -1042.068161 -967.513462 -891.940815 -816.663606 -742.826686 -671.378053 -600.825969 
-575.988700 -638.156604 -700.272848 -763.594668 -827.113202 -889.580472 -949.415938 -1004.791720 -1053.475732 -1092.912857 -1119.900594 -1130.422464 -1119.376346 -1079.630677 -1001.395649 -870.785069 -669.741375 -385.114194 -59.166461 62.538175 167.011179 385.481555 -526.257875 -1078.372960 -1324.800291 -1409.378850 -1419.203953 -1396.011130 -1357.386900 -1310.087254 -1256.606550 -1198.048292 -1135.245058 -1069.072639 -1000.500290 -930.572740 -860.308904 -790.663688 -722.495133 -656.527170 -591.094720 
-563.731828 -621.082986 -678.147529 -736.245240 -794.545607 -851.957305 -907.171919 -958.566908 -1004.193577 -1041.538289 -1067.304463 -1076.886821 -1063.649168 -1017.421149 -921.942522 -748.727331 -443.703786 96.948576 961.192360 841.687425 1007.764971 3387.372311 -7.285285 -995.538098 -1317.850446 -1412.712996 -1418.467511 -1387.003613 -1339.316142 -1283.979563 -1224.444337 -1162.156053 -1097.872820 -1032.165033 -965.618866 -898.866590 -832.545203 -767.285055 -703.678511 -642.231622 -581.138671 
-551.799673 -605.103794 -658.055714 -712.039815 -766.375848 -820.181848 -872.417773 -921.749071 -966.552406 -1004.539447 -1032.582378 -1045.919295 -1037.094149 -993.971823 -895.311265 -699.211867 -298.587145 693.296609 4108.397737 1673.023333 239.362144 -628.787761 -1116.902964 -1363.134671 -1462.311062 -1477.133137 -1447.047824 -1394.989027 -1333.183783 -1267.590048 -1200.831812 -1133.953063 -1067.349279 -1001.209346 -935.732543 -871.166193 -807.811005 -746.011123 -686.108287 -628.423861 -571.041059 
-540.253720 -590.164199 -639.789290 -690.567908 -741.972859 -793.379818 -844.006149 -892.958062 -938.950181 -980.308878 -1014.404176 -1037.143283 -1041.540379 -1015.888642 -940.416475 -784.817407 -511.969581 -106.218211 364.478248 761.987354 -1049.071278 -4892.866935 -2369.774964 -1814.032286 -1652.840811 -1565.781499 -1488.278631 -1410.213211 -1332.156851 -1255.672442 -1181.587109 -1110.082523 -1041.003388 -974.112731 -909.234681 -846.282282 -785.265159 -726.280407 -669.455786 -614.963514 -560.806382 
-529.076026 -576.120397 -623.058252 -671.341411 -720.636336 -770.563052 -820.659086 -870.505617 -919.353603 -966.381485 -1010.062385 -1047.881779 -1075.023683 -1082.439498 -1053.975029 -968.743178 -848.785289 -1073.451484 -4001.265236 -2105.353000 -1402.114311 -2583.090822 -2260.924071 -1964.832320 -1772.410596 -1634.882043 -1522.042266 -1421.533682 -1329.071973 -1243.123501 -1162.857968 -1087.547422 -1016.478464 -949.025852 -884.700146 -823.140880 -764.125997 -707.557472 -653.399254 -601.684308 -550.391996 
-518.192573 -562.781531 -607.523115 -653.841496 -701.605628 -750.666813 -800.948715 -852.452803 -905.204537 -959.347503 -1015.056258 -1072.392870 -1130.866022 -1187.887246 -1234.786940 -1246.368214 -1167.975401 -1045.178931 -2890.818422 -4055.161617 -3258.841778 -2844.901605 -2412.674445 -2082.436236 -1848.356557 -1675.546182 -1538.006302 -1421.395412 -1318.607590 -1226.060693 -1141.681890 -1064.014311 -991.917083 -924.477220 -860.971265 -800.848997 -743.738154 -689.388010 -637.641336 -588.414453 -539.733864 
-507.494968 -549.938524 -592.823221 -637.531637 -684.096679 -732.612914 -783.365472 -836.746787 -893.560069 -954.985133 -1023.070777 -1101.113906 -1194.843134 -1314.351226 -1478.771504 -1726.446002 -2136.869968 -2864.061575 -4052.711386 -4341.412389 -4447.174130 -3285.783118 -2570.647706 -2149.015992 -1876.644048 -1682.210874 -1531.050450 -1405.867969 -1297.838357 -1202.224308 -1116.229033 -1037.969245 -966.059430 -899.413693 -837.185120 -778.731639 -723.586397 -671.390460 -621.915249 -575.000610 -528.766262 
-496.860198 -537.369582 -578.601936 -621.881989 -667.376950 -715.395891 -766.482099 -821.400327 -881.507549 -948.870247 -1026.948753 -1121.558072 -1243.081608 -1411.136210 -1665.506711 -2091.184158 -2861.355618 -4150.419898 -4157.534625 -3919.946820 -3673.526890 -3010.335862 -2473.862372 -2103.226360 -1843.775288 -1651.405687 -1499.746533 -1374.017877 -1265.968237 -1170.850057 -1085.744582 -1008.677299 -938.195075 -873.184245 -812.786370 -756.325287 -703.286119 -653.275779 -606.025972 -561.329519 -517.435537 
-486.167734 -524.862470 -564.547932 -606.444483 -650.831417 -698.160476 -749.126919 -804.768457 -866.714350 -937.482239 -1021.078948 -1124.005983 -1257.094757 -1438.861840 -1700.707136 -2091.741424 -2662.180187 -3329.007063 -3428.806136 -3261.450890 -3008.402235 -2624.340801 -2267.133037 -1982.619219 -1762.470169 -1588.798246 -1447.061832 -1327.487167 -1223.883623 -1132.352002 -1050.333336 -976.024778 -908.094726 -845.523473 -787.493621 -733.354776 -682.610354 -634.874362 -589.855176 -547.328316 -505.708392 
-475.313145 -512.252017 -550.413769 -590.871116 -633.982387 -680.270297 -730.492956 -785.781375 -847.802377 -919.034531 -1003.226376 -1106.024958 -1235.910416 -1405.307779 -1630.718311 -1928.005413 -2291.306327 -2635.796954 -2744.929054 -2672.228476 -2504.844462 -2273.158013 -2037.728153 -1829.020845 -1652.700617 -1504.589043 -1378.615881 -1269.566452 -1173.580708 -1087.936504 -1010.676575 -940.366935 -875.916806 -816.444885 -761.235618 -709.729319 -661.471445 -616.101832 -573.338239 -532.960751 -493.575481 
-464.217547 -499.417397 -536.012037 -574.921078 -616.524519 -661.357100 -710.162703 -764.005726 -824.413900 -893.490846 -974.245371 -1070.808549 -1188.628294 -1334.232528 -1513.607363 -1726.981723 -1957.214627 -2153.342331 -2238.602610 -2214.975147 -2117.784466 -1975.595786 -1819.141267 -1668.158974 -1530.878954 -1408.785562 -1300.552267 -1204.118132 -1117.537616 -1039.189357 -967.797686 -902.357915 -842.034378 -786.140220 -734.111379 -685.483165 -639.862971 -596.942131 -556.462802 -518.228474 -481.051372 
-452.832637 -486.286988 -521.246882 -558.476284 -598.323857 -641.300130 -688.072016 -739.548683 -796.986730 -861.991367 -936.700862 -1023.735240 -1126.024391 -1246.123414 -1384.625467 -1536.849462 -1688.057216 -1810.492379 -1872.944522 -1870.301238 -1816.146481 -1727.738561 -1622.526025 -1513.446725 -1407.907033 -1309.190467 -1218.212290 -1134.763917 -1058.196377 -987.784453 -922.846256 -862.749067 -806.937587 -754.938422 -706.324443 -660.733937 -617.858527 -577.442765 -539.270823 -503.174159 -468.171935 
-441.141601 -472.834997 -506.089739 -541.505997 -579.382880 -620.174560 -664.424157 -712.855052 -766.402234 -826.201898 -893.595231 -970.010253 -1056.672409 -1153.952067 -1260.288605 -1370.512149 -1474.264821 -1556.392290 -1602.385753 -1607.863383 -1577.981284 -1522.062955 -1450.255246 -1371.014379 -1290.154941 -1211.113811 -1135.646614 -1064.453267 -997.696382 -935.267496 -876.905013 -822.313117 -771.186796 -723.221487 -678.130453 -635.661277 -595.580929 -557.697770 -521.836389 -487.853935 -454.990226 
-429.156624 -459.069428 -490.567835 -524.066876 -559.812968 -598.177663 -639.571906 -684.541645 -733.721445 -787.842313 -847.623627 -913.677533 -986.229382 -1064.651064 -1146.829194 -1228.444112 -1302.626237 -1360.802322 -1395.449237 -1403.583641 -1387.133133 -1350.997606 -1301.113310 -1242.971194 -1180.863579 -1117.780958 -1055.590182 -995.383375 -937.743462 -882.908885 -830.933932 -781.772703 -735.300844 -691.365133 -649.807847 -610.463159 -573.180177 -537.815436 -504.236504 -472.339471 -441.571683 
-416.914032 -445.042600 -474.755975 -506.268548 -539.778745 -575.571267 -613.945505 -655.281342 -699.954948 -748.381051 -800.856846 -857.493325 -918.003075 -981.402987 -1045.686416 -1107.567192 -1162.528814 -1205.499854 -1232.234169 -1240.775149 -1231.795717 -1207.879635 -1172.532208 -1129.310411 -1081.295799 -1030.863553 -979.726014 -929.048684 -879.557413 -831.699399 -785.720173 -741.726427 -699.739271 -659.727392 -621.624194 -585.349167 -550.811356 -517.910846 -486.573317 -456.721418 -427.989317 
-404.468179 -430.830207 -458.741138 -488.234896 -519.475207 -552.655235 -587.980401 -625.679776 -665.941598 -708.955300 -754.754262 -803.173553 -853.698293 -905.305911 -956.309239 -1004.293841 -1046.256240 -1079.055749 -1100.135947 -1108.197708 -1103.422372 -1087.196872 -1061.621099 -1029.017499 -991.544650 -951.039831 -908.951898 -866.337710 -823.964604 -782.356351 -741.850412 -702.657085 -664.896216 -628.613677 -593.825403 -560.506878 -528.617230 -498.116446 -468.958708 -441.089007 -414.319326 
-391.885059 -416.508696 -442.625782 -470.120499 -499.113280 -529.712791 -562.048376 -596.236347 -632.341484 -670.391173 -710.268582 -751.673057 -794.031597 -836.414499 -877.472085 -915.444239 -948.295074 -973.998549 -990.931887 -998.210635 -995.830970 -984.552453 -965.663576 -940.674070 -911.110533 -878.365696 -843.589384 -807.715214 -771.458310 -735.340068 -699.741739 -664.926917 -631.067666 -598.277133 -566.613915 -536.100644 -506.752352 -478.555222 -451.489945 -425.527187 -400.637375 
-379.236377 -402.172693 -426.539585 -452.086057 -478.886446 -506.990031 -536.467822 -567.356593 -599.635684 -633.231115 -667.949009 -703.443245 -739.162132 -774.307454 -807.819080 -838.410120 -864.672206 -885.254841 -899.079926 -905.527014 -904.525758 -896.505453 -882.259978 -862.797894 -839.206558 -812.508493 -783.627494 -753.337909 -722.270046 -690.917648 -659.661067 -628.783356 -598.486498 -568.914994 -540.159515 -512.290910 -485.342960 -459.330373 -434.255804 -410.113555 -387.015678 
-366.594566 -387.917683 -410.592397 -434.255882 -458.954132 -484.690898 -511.491814 -539.336131 -568.150436 -597.808975 -628.084470 -658.628328 -688.943668 -718.366907 -746.074085 -771.115198 -792.494980 -809.279822 -820.727112 -826.391372 -826.186494 -820.348180 -809.389856 -793.998907 -774.937717 -752.978657 -728.839194 -703.153345 -676.464139 -649.214743 -621.765153 -594.393174 -567.309315 -540.671098 -514.602913 -489.189699 -464.484025 -440.523856 -417.331034 -394.921883 -373.520865 
-354.028934 -373.806896 -394.862296 -416.733684 -439.442309 -462.967193 -487.291974 -512.365464 -538.088016 -564.301102 -590.770414 -617.172833 -643.078016 -667.945420 -691.133005 -711.928019 -729.606625 -743.507081 -753.102730 -758.070897 -758.314481 -753.974352 -745.388029 -733.022129 -717.437153 -699.205320 -678.885573 -656.995024 -633.987924 -610.254087 -586.116559 -561.837139 -537.619735 -513.640179 -490.028674 -466.875041 -444.251696 -422.209777 -400.790089 -380.017056 -360.212575 
-341.602977 -359.921500 -379.436739 -399.619891 -420.466668 -441.939538 -464.001852 -486.579823 -509.555170 -532.762863 -555.981483 -578.923223 -601.221094 -622.432982 -642.052848 -659.542513 -674.365912 -686.037874 -694.177952 -698.533304 -699.023265 -695.729940 -688.875348 -678.797030 -665.901360 -650.618802 -633.389056 -614.626839 -594.707630 -573.969141 -552.694901 -531.124738 -509.462861 -487.877331 -466.494365 -445.410854 -424.709839 -404.456073 -384.691799 -365.452577 -347.142683 
-329.372720 -331.788286 -349.154570 -367.020278 -385.373806 -404.178469 -423.370421 -442.870052 -462.564994 -482.307248 -501.902121 -521.104494 -539.617823 -557.093928 -573.151585 -587.392620 -599.424728 -608.899212 -615.535253 -619.158289 -619.708082 -617.232711 -611.889917 -603.916322 -593.599584 -581.260619 -567.226169 -551.814255 -535.320177 -518.010913 -500.119635 -481.849519 -463.381515 -444.850709 -426.373188 -408.048827 -389.955658 -372.156546 -354.699691 -337.623868 -334.355027 
-323.313015 -310.528025 -326.498459 -342.862794 -359.618884 -376.743588 -394.140494 -411.740723 -429.450943 -447.127540 -464.592504 -481.631187 -497.984302 -513.357020 -527.435823 -539.882295 -550.367875 -558.618551 -564.395051 -567.577415 -568.095380 -566.010862 -561.440284 -554.583188 -545.668605 -534.966368 -522.745424 -509.272061 -494.795514 -479.541661 -463.704582 -447.469930 -430.991497 -414.381756 -397.752148 -381.200651 -364.790790 -348.586865 -332.641023 -316.986335 -328.036734 
