3224.820369 3719.985388 4287.857729 4943.330746 5700.310269 6573.083239 7575.072898 8717.121803 10005.284638 11437.908381 13002.559886 14672.799640 16406.955795 18148.100893 19828.338487 21374.569920 22718.164376 23802.388328 24587.612502 25051.960032 25188.550634 25001.970223 24502.711003 23703.730956 22624.059394 21296.129834 19769.676827 18108.855414 16384.155469 14663.052692 13002.497906 11444.820205 10016.950127 8731.951714 7591.932516 6591.165523 5718.990790 4962.171903 4306.594576 3738.399516 3242.405953 
3203.198344 3695.130355 4259.649777 4912.001331 5666.627562 6538.536998 7542.132938 8689.663266 9988.667486 11439.150638 13029.811802 14734.783024 16511.403469 18300.314876 20028.998607 21619.441207 22998.233079 24106.398875 24904.691062 25373.087768 25507.330797 25315.198786 24808.689400 23998.284253 22898.450352 21538.940613 19970.808691 18262.716652 16490.715309 14726.984751 13031.396814 11447.342956 10001.346819 8705.247084 7559.561146 6557.011249 5685.606888 4931.076661 4278.548635 3713.655607 3220.884734 
3138.486648 3620.431470 4174.570039 4817.100865 5563.964021 6432.311194 7439.688809 8602.448079 9933.021700 11436.451431 13105.734197 14916.982025 16825.095133 18762.450829 20642.427337 22369.596141 23855.138990 25032.798400 25866.065174 26342.729961 26466.321996 26256.591687 25732.656940 24894.945951 23739.368681 22284.995666 20587.444816 18731.239649 16811.368292 14915.449417 13112.440975 11448.576803 9948.656520 8620.261939 7458.760586 6451.975988 5583.800957 4836.846634 4193.969057 3639.320915 3156.469150 
3031.220975 3495.756133 4031.534655 4656.080549 5387.632068 6246.930231 7256.856873 8440.777038 9820.077306 11409.611533 13211.452672 15206.770958 17347.618225 19551.760284 21704.905345 23675.192242 25340.972614 26622.621847 27496.634796 27973.106632 28064.449311 27820.643541 27286.542152 26433.402634 25204.950370 23592.233133 21662.246741 19535.801820 17348.038720 15216.839068 13227.092339 11428.392607 9840.572977 8462.146404 7278.528552 6268.535880 5408.893085 4676.881149 4051.744546 3515.275276 3049.676572 
2882.526289 3321.282910 3829.192286 4425.220988 5130.487073 5970.577177 6975.537712 8179.370806 9617.426344 11321.447455 13310.314646 15577.433781 18074.626949 20698.220864 23285.187916 25632.813020 27550.460266 28934.115581 29809.316780 30258.737553 30265.122231 29951.940063 29464.390278 28683.644737 27412.441037 25577.077704 23277.093673 20713.507536 18099.729028 15605.701127 13338.943785 11349.390006 9644.451789 8205.381925 7000.583662 5994.664978 5153.658703 4447.420918 3850.460157 3341.629303 2901.603429 
2694.428745 3097.919817 3566.589242 4120.652627 4784.138307 5587.910646 6571.057685 7781.694506 9275.801333 11111.653857 13338.715947 15977.066703 18988.578835 22243.504158 25498.426590 28411.881530 30636.555149 32002.910661 32696.826737 33115.089654 32919.827508 32414.352284 32178.055619 31758.326430 30583.567759 28452.271743 25569.150244 22315.308783 19051.726883 16030.454665 13383.902916 11150.698163 9310.370409 7813.050203 6599.922432 5614.839043 4809.445358 4144.498752 3589.110321 3119.228966 2714.239942 
2470.213009 2827.975041 3244.331141 3739.847164 4340.602006 5082.211295 6013.482024 7199.679221 8724.260938 10685.771261 13184.922959 16295.962958 20016.671763 24199.366956 28478.042173 32242.453264 34760.173516 35591.233165 35316.728745 36082.183447 35467.949357 34205.350647 34961.091324 35742.259629 35054.432751 32523.864252 28697.994930 24358.661290 20130.408522 16378.967072 13248.181978 10736.335285 8766.559068 7236.393776 6046.272310 5112.072248 4368.129890 3765.441057 3268.213857 2850.342875 2490.830992 
2214.736272 2515.898697 2865.780491 3283.523355 3795.019210 4438.270193 5269.433057 6370.350194 7855.424839 9874.355250 12601.752664 16201.909129 20754.017867 26124.842477 31792.803463 36670.979085 39097.856806 37416.612865 31977.738600 36127.063270 34937.555413 29919.931132 34890.537146 39386.204521 40319.851671 37411.963724 32233.759080 26389.858662 20919.703357 16312.022825 12680.321530 9934.501136 7904.241417 6411.777286 5305.789893 4470.873806 3824.724724 3310.842974 2891.045588 2539.367714 2236.193838 
1934.587478 2168.971024 2438.433816 2757.967490 3149.100211 3645.855559 4302.548226 5204.461433 6480.530622 8312.773112 10933.334379 14590.338758 19457.584074 25453.917510 31932.097619 37192.736278 37821.772278 27826.277239 -8138.711168 19947.121062 20523.636268 -6236.768996 19177.380373 34639.627383 40556.249455 38471.949706 32565.529677 25788.270959 19650.000072 14712.615481 11018.953208 8377.952174 6533.395687 5249.338153 4341.774308 3680.871247 3180.785413 2786.912720 2465.031917 2193.516110 1956.880501 
1637.983213 1797.707733 1975.342298 2178.206636 2417.386845 2711.773542 3093.893593 3618.146015 4371.503479 5483.268938 7126.300557 9496.258749 12743.717757 16823.189188 21183.012419 24126.965340 21631.060652 7603.873054 4133.200910 -28032.511184 2043.617721 277.972717 -31677.979993 8149.734600 23670.277539 25208.304704 21704.433515 17094.810309 12904.422030 9604.253751 7206.713364 5547.567128 4425.517412 3664.928040 3135.220983 2748.779984 2450.824984 2208.647142 2003.187520 1823.273270 1661.075516 
1334.337459 1415.885565 1496.191983 1572.211030 1639.552518 1691.980989 1720.617472 1712.879291 1650.833607 1509.739849 1257.186861 853.341767 255.777019 -568.017912 -1604.801807 -2673.331442 -2889.372112 2036.570849 34647.419538 -290.457443 1620.998522 25200.723656 -7637.193855 -7392.096077 -5052.283078 -3142.959369 -1659.877243 -520.225633 325.764835 923.842832 1322.493191 1568.794188 1703.827552 1760.477981 1763.454157 1730.617218 1674.536981 1604.000559 1525.176345 1442.408662 1358.165821 
1033.531134 1039.415940 1025.639021 979.263439 880.945575 700.371166 389.276834 -128.709230 -970.726507 -2306.421866 -4360.897466 -7392.959919 -11622.618643 -17065.761445 -23192.224476 -28212.210543 -27706.990600 -14494.281208 -9204.531713 13837.734872 -17913.266028 -16693.542619 16204.468776 -19418.348110 -31120.720131 -29600.285704 -23681.058011 -17208.125301 -11635.157326 -7358.041922 -4310.324986 -2252.740930 -918.884137 -80.487499 433.435919 740.514970 917.327245 1012.271604 1055.661595 1066.768847 1058.008737 
745.010012 683.492131 587.357774 436.924669 203.751926 -155.254871 -706.420871 -1551.061543 -2838.249984 -4775.809865 -7628.135638 -11683.383932 -17165.101993 -24054.888891 -31793.633049 -38872.040643 -42638.521623 -41148.187315 -41752.471289 -41373.785870 -45488.329807 -51702.037419 -30855.155697 -40159.081148 -43689.550111 -39677.409100 -32190.704147 -24205.669478 -17194.764359 -11659.011594 -7582.152291 -4723.237910 -2785.734223 -1501.440099 -660.714636 -113.567593 241.499107 471.055407 618.294908 711.546310 770.027236 
476.907242 360.009246 198.378729 -30.898312 -358.770530 -830.075264 -1510.028586 -2491.888629 -3904.689402 -5916.846776 -8728.131909 -12539.032877 -17483.658149 -23514.884719 -30244.317070 -36784.778508 -41796.967291 -44271.227004 -45128.641324 -43004.937321 -40121.561418 -36123.923023 -38352.946564 -42071.208212 -41542.515870 -36953.147425 -30387.863159 -23570.922713 -17477.200637 -12499.477742 -8674.528212 -5859.563953 -3848.836501 -2439.678853 -1462.233779 -786.767320 -319.679989 4.297373 230.078103 388.667649 502.329726 
235.382031 76.747505 -132.062734 -414.082621 -798.689103 -1326.260515 -2051.998731 -3049.598712 -4414.186493 -6260.749078 -8715.191670 -11893.762552 -15867.634849 -20618.610510 -25995.112383 -31671.622680 -37062.870021 -41094.672774 -41715.089611 -34810.543833 -23514.868877 -20355.841437 -36162.947213 -39059.694258 -36435.254350 -31498.755327 -25930.027891 -20562.695814 -15803.492883 -11824.254840 -8645.503419 -6194.282246 -4352.765226 -2993.800081 -2001.735819 -1281.228465 -758.358173 -377.974918 -99.714503 105.828805 261.046948 
24.291633 -162.638064 -401.039346 -712.153969 -1121.550763 -1662.422158 -2377.511737 -3320.336370 -4554.728368 -6151.868860 -8183.171475 -10709.333805 -13771.747606 -17399.972333 -21651.402971 -26633.115984 -32224.226213 -37020.506891 -36793.062370 -18641.288518 -27275.195352 -8457.845393 -31158.608034 -35402.804655 -31650.067669 -26331.058974 -21448.546429 -17247.045637 -13648.592058 -10605.979366 -8094.301986 -6074.468569 -4486.823535 -3260.567447 -2324.790844 -1615.764732 -1080.174614 -675.387199 -368.256508 -133.349218 50.003784 
-154.789937 -357.936816 -610.538766 -931.202010 -1340.434473 -1863.645992 -2531.399602 -3379.067928 -4444.904783 -5766.170421 -7373.178367 -9282.062164 -11494.844588 -14017.702181 -16905.215817 -20220.503334 -23413.077250 -23513.447368 -18827.112034 521.271152 -6553.168977 -4979.793238 -2446.234263 -22753.793179 -23184.070420 -19868.052512 -16591.074026 -13780.440782 -11319.407766 -9148.383065 -7266.994508 -5678.895315 -4371.240345 -3315.884148 -2476.624250 -1815.789323 -1298.385741 -894.079374 -577.659787 -328.684317 -129.260525 
-302.278189 -511.548999 -766.043347 -1081.245922 -1472.589209 -1957.961241 -2557.237155 -3290.639178 -4176.245584 -5225.125336 -6433.926740 -7775.594309 -9186.854773 -10551.005529 -11647.039957 -11896.033763 -9026.516531 7811.348405 -2960.587825 -2014.550242 -6496.375880 -5850.090582 12498.987386 -3307.563999 -9703.855772 -11369.448930 -11181.430976 -10234.747141 -8971.926192 -7621.352170 -6316.553872 -5131.446538 -4098.972547 -3225.392184 -2501.315956 -1909.593120 -1430.396719 -1044.234190 -733.428105 -482.668975 -277.195990 
-420.121863 -627.713786 -874.944900 -1174.269159 -1536.480682 -1972.988127 -2494.832204 -3110.715392 -3823.689684 -4625.850967 -5489.561714 -6353.889377 -7099.452779 -7501.239393 -7147.677544 -5389.094551 -1702.521548 2518.976359 -3.024209 -20339.886370 -18090.019443 2034.346304 -8012.161470 17766.862283 2752.975454 -3807.910905 -6457.972949 -7136.294977 -6873.107715 -6196.110758 -5370.436229 -4531.066066 -3745.773066 -3045.239731 -2439.029735 -1924.951300 -1494.808602 -1137.896457 -843.010823 -599.561662 -395.782533 
-511.294776 -711.600162 -945.373381 -1222.482829 -1549.716547 -1933.410951 -2377.969660 -2884.026638 -3444.844283 -4041.361315 -4633.809350 -5147.842112 -5451.140861 -5314.653871 -4385.731252 -2416.902412 -961.128085 -11709.997054 1559.640970 -15036.341157 449.168148 -13957.978075 -13512.238161 4392.004101 2816.855841 -1251.726830 -3891.533101 -5037.602995 -5264.352108 -5008.069312 -4523.114760 -3950.872896 -3369.358701 -2820.233302 -2323.585557 -1886.666911 -1509.300902 -1187.303407 -914.609794 -684.555271 -488.019186 
-579.319949 -768.661870 -985.348527 -1237.123931 -1527.717553 -1859.663235 -2233.022834 -2643.291049 -3078.913391 -3516.731155 -3915.793602 -4207.924593 -4284.046638 -3977.972281 -3071.534788 -1432.037101 431.776691 569.595748 2169.992873 1978.881305 -1110.439584 -13907.593933 -4259.759151 -12650.622316 -2032.408228 -1844.712061 -3052.463787 -3867.994314 -4163.773825 -4097.459394 -3819.301606 -3433.879141 -3008.131254 -2582.818130 -2181.213566 -1815.170122 -1489.292628 -1203.763151 -956.255580 -743.152847 -557.446393 
-627.876390 -804.179058 -1002.145202 -1227.907171 -1483.011098 -1767.501583 -2078.713168 -2409.840427 -2747.946337 -3070.802846 -3343.298157 -3513.147182 -3506.432958 -3228.795813 -2586.279679 -1562.943613 -393.966830 363.439229 839.909840 986.028913 -421.531622 -2628.252398 -1864.628162 -3536.270288 -2067.444329 -2128.154667 -2716.875704 -3202.308522 -3429.383267 -3425.695299 -3260.014016 -2996.233287 -2682.942036 -2353.787801 -2030.507496 -1726.065186 -1447.307456 -1196.983207 -975.227421 -780.639582 -607.751727 
-660.509035 -822.926023 -1001.981960 -1202.715724 -1425.215864 -1668.048088 -1927.184402 -2195.449496 -2460.568227 -2703.925845 -2898.899657 -3009.718235 -2992.874243 -2804.239873 -2418.806833 -1871.736419 -1310.327072 -968.983166 -900.706360 -951.033979 -1374.389334 -2115.807032 -1993.842811 -2222.702927 -2037.316570 -2174.733879 -2493.561233 -2776.116086 -2925.703216 -2932.783825 -2824.600790 -2636.833608 -2401.754477 -2144.612146 -1883.505684 -1630.491537 -1392.948502 -1174.840975 -977.766355 -801.783786 -642.479152 
-680.440707 -828.998841 -989.935236 -1167.611008 -1361.245874 -1568.577464 -1785.407976 -2004.924470 -2216.830503 -2406.758050 -2556.024603 -2642.180384 -2642.351550 -2539.957648 -2337.794371 -2076.485822 -1845.399972 -1752.062917 -1821.539430 -1964.363461 -2200.620877 -2442.157339 -2147.640555 -2000.917398 -1973.255421 -2102.185720 -2301.269446 -2473.764350 -2566.762691 -2567.931895 -2487.997088 -2346.703248 -2164.770366 -1960.209525 -1747.131114 -1535.788513 -1333.111865 -1143.384564 -968.927313 -810.669075 -664.840189 
-690.471837 -825.769554 -969.964843 -1127.036584 -1295.724373 -1473.513099 -1656.538318 -1838.845296 -2012.372203 -2166.653812 -2289.096127 -2366.714857 -2388.482220 -2350.722986 -2264.099333 -2160.612118 -2093.388283 -2116.582650 -2246.383016 -2445.441851 -2637.199010 -2433.316936 -2021.183459 -1812.841366 -1857.017217 -1994.727739 -2141.208252 -2252.230367 -2305.658387 -2295.858145 -2228.419709 -2114.818062 -1968.309858 -1801.405099 -1624.670898 -1446.348189 -1272.441737 -1107.026119 -952.634853 -810.641636 -677.612480 
-692.947717 -815.916085 -945.039345 -1084.073760 -1231.565530 -1385.153764 -1541.380898 -1695.479097 -1841.291886 -1971.396180 -2077.711199 -2152.895660 -2192.249325 -2196.934336 -2177.721704 -2157.174831 -2167.343338 -2238.493950 -2379.501706 -2554.927792 -2641.733424 -2359.788665 -1906.101549 -1703.633563 -1811.230117 -1940.099511 -2038.409100 -2099.014631 -2117.792027 -2093.402111 -2028.869971 -1930.720676 -1807.215939 -1666.797097 -1517.104932 -1364.490265 -1213.873474 -1068.839450 -931.827879 -804.352970 -683.105603 
-689.772269 -801.510788 -917.297210 -1040.760721 -1170.473650 -1304.354828 -1439.459292 -1572.107190 -1697.675658 -1810.962859 -1906.928109 -1981.309583 -2032.305522 -2062.259694 -2079.386909 -2098.769470 -2140.169957 -2222.731713 -2354.111671 -2511.888191 -2608.671962 -2485.529602 -2258.428396 -2106.984642 -2033.963598 -2010.887732 -2009.076227 -2005.989109 -1986.799587 -1944.027555 -1876.048113 -1785.200102 -1676.007557 -1553.830774 -1423.953342 -1291.068351 -1159.028675 -1030.810227 -908.583030 -793.810193 -683.173623 
-682.449803 -784.101138 -888.220924 -998.375044 -1113.292442 -1231.143428 -1349.626116 -1465.826288 -1576.379092 -1677.671760 -1766.441385 -1840.107892 -1897.843157 -1941.462753 -1976.237614 -2010.970917 -2057.453864 -2127.945042 -2230.872571 -2362.347515 -2492.664618 -2575.966115 -2645.106824 -2552.061126 -2291.037982 -2113.149489 -2013.715622 -1950.823545 -1895.787407 -1833.831518 -1758.959876 -1670.221889 -1569.373067 -1459.451546 -1343.888716 -1225.977935 -1108.597884 -994.100320 -884.289106 -780.471214 -679.256514 
-672.140296 -764.797100 -858.794457 -957.648060 -1060.267514 -1165.114519 -1270.426864 -1373.939303 -1473.207316 -1565.764739 -1649.348984 -1722.238521 -1783.766120 -1834.599842 -1877.090318 -1915.017814 -1953.610463 -1999.499542 -2061.639443 -2151.912582 -2281.283973 -2443.614858 -2578.910138 -2522.706511 -2321.301737 -2138.399564 -2006.884813 -1910.551829 -1829.671949 -1751.221213 -1668.449367 -1578.834141 -1482.385060 -1380.486820 -1275.151713 -1168.532310 -1062.654797 -959.280048 -859.818705 -765.358962 -672.436644 
-659.718160 -744.384158 -829.634495 -918.920384 -1011.298671 -1105.588024 -1200.387017 -1294.034627 -1384.778563 -1470.911324 -1550.886944 -1623.399551 -1687.737282 -1743.568394 -1790.732127 -1829.037436 -1857.784300 -1877.289581 -1893.699912 -1929.007303 -2028.227308 -2221.892827 -2387.262826 -2393.948910 -2273.977435 -2124.756122 -1990.708037 -1877.834651 -1779.367124 -1687.580680 -1597.106533 -1505.095137 -1410.586841 -1313.840379 -1215.797078 -1117.702649 -1020.863419 -926.499551 -835.650166 -749.152021 -663.500581 
-645.828274 -723.402122 -801.103171 -882.268147 -966.105606 -1051.746053 -1138.104960 -1224.003927 -1308.260912 -1389.747432 -1467.423582 -1540.475492 -1608.195641 -1669.851617 -1723.975688 -1767.650286 -1795.586673 -1800.765017 -1780.706401 -1756.846193 -1806.799236 -2036.350864 -2241.782519 -2303.004765 -2233.686966 -2107.802417 -1974.039767 -1850.369872 -1738.843264 -1636.231000 -1538.814226 -1443.897148 -1349.993131 -1256.595967 -1163.851211 -1072.291440 -982.634269 -895.627107 -811.972621 -732.262926 -652.999974 
-630.936106 -702.201055 -773.382094 -847.611721 -924.286006 -1002.755601 -1082.251585 -1161.987431 -1241.231474 -1319.381400 -1395.850629 -1470.422295 -1542.840846 -1612.739059 -1679.035666 -1738.615992 -1784.827258 -1805.654528 -1786.224849 -1729.612310 -1722.237993 -1980.331328 -2197.615910 -2268.654613 -2212.986224 -2093.327356 -1956.296522 -1823.836156 -1702.335129 -1591.318182 -1488.293054 -1390.803205 -1297.078397 -1206.095796 -1117.429052 -1031.066438 -947.257134 -866.363575 -788.790083 -714.915343 -641.307797 
-615.370673 -681.000490 -746.516854 -814.781571 -885.365398 -957.811218 -1031.606216 -1106.308254 -1181.562841 -1257.178035 -1333.147647 -1409.809008 -1487.808583 -1567.949100 -1651.015284 -1736.878978 -1822.792502 -1899.571065 -1945.265415 -1925.071920 -1858.391520 -2114.905833 -2272.191022 -2289.369955 -2207.492319 -2076.537429 -1932.084994 -1792.464498 -1664.164695 -1547.626871 -1441.001531 -1342.028004 -1248.810726 -1160.012854 -1074.827600 -992.860413 -914.006846 -838.335711 -766.004686 -697.211885 -628.667920 
-599.360268 -659.927052 -720.473450 -783.555678 -848.875449 -916.153049 -985.081111 -1055.484248 -1127.345916 -1200.772256 -1276.319852 -1354.862208 -1437.961343 -1527.919755 -1627.930096 -1742.388877 -1876.519191 -2034.959464 -2216.578817 -2401.375122 -2531.085500 -2527.266898 -2452.998303 -2339.978954 -2200.104954 -2047.027364 -1894.267839 -1750.585405 -1619.479767 -1500.944470 -1393.329443 -1294.553449 -1202.738974 -1116.426745 -1034.605671 -956.650026 -882.217214 -811.164521 -743.470335 -679.184817 -615.237005 
-583.061458 -639.045738 -695.187162 -753.695279 -814.387255 -877.102703 -941.728609 -1008.266942 -1076.939676 -1148.124243 -1222.697350 -1302.005805 -1388.181296 -1484.519124 -1595.797409 -1729.147138 -1894.808691 -2106.874717 -2381.509466 -2720.388410 -3022.444366 -2806.720020 -2552.309084 -2340.783850 -2158.219525 -1991.224842 -1836.371298 -1694.199310 -1565.156381 -1448.552845 -1342.865288 -1246.279528 -1157.091793 -1073.898836 -995.648282 -921.613975 -851.327365 -784.512429 -721.032680 -660.831415 -601.118326 
-566.582007 -618.384228 -670.576387 -724.978847 -781.517932 -840.102746 -900.769027 -963.649507 -1029.065788 -1097.627155 -1170.282907 -1248.609505 -1334.878247 -1432.459051 -1546.180659 -1682.704491 -1850.743258 -2059.898373 -2314.603722 -2592.223559 -2784.699275 -2656.605444 -2443.337309 -2241.356111 -2063.143937 -1902.945359 -1756.544212 -1622.554082 -1500.460987 -1389.511656 -1288.519714 -1196.080922 -1110.810443 -1031.500731 -957.189856 -887.161365 -820.915523 -758.118239 -698.566717 -642.142411 -586.387564 
-549.998450 -597.954145 -646.557632 -697.226457 -749.953845 -804.715147 -861.611906 -920.876796 -982.845438 -1048.218122 -1117.900432 -1193.380161 -1276.705348 -1370.639725 -1478.926584 -1606.011697 -1756.442436 -1932.467792 -2127.758945 -2313.827737 -2421.653625 -2364.682982 -2228.582123 -2075.716964 -1927.739168 -1788.765740 -1658.954056 -1538.321814 -1426.916209 -1324.485498 -1230.382666 -1143.709167 -1063.481804 -988.772786 -918.797760 -852.934055 -790.716377 -731.812488 -675.995977 -623.123057 -571.111016 
-533.368999 -577.768428 -623.067595 -670.297776 -719.462561 -770.611203 -823.853617 -879.457593 -937.757402 -999.377930 -1065.138167 -1136.222853 -1214.218499 -1301.051555 -1399.015976 -1510.245203 -1635.782726 -1773.374318 -1913.496385 -2033.892587 -2097.929713 -2074.958328 -1994.050943 -1887.798157 -1774.182390 -1660.817414 -1550.907065 -1446.121580 -1347.416049 -1255.192612 -1169.377569 -1089.570333 -1015.195478 -945.636410 -880.324633 -818.776418 -760.602448 -705.513028 -653.297061 -603.805980 -555.357019 
-516.742471 -557.838957 -600.066872 -644.085452 -689.891199 -737.575409 -787.246303 -839.136822 -893.572714 -951.018045 -1012.153214 -1077.807576 -1149.028407 -1226.961726 -1312.639060 -1406.547780 -1507.733259 -1612.390197 -1711.980147 -1791.854022 -1833.482049 -1825.113038 -1776.757018 -1704.288008 -1619.677281 -1530.078598 -1439.612904 -1350.797154 -1265.212369 -1183.764601 -1106.836989 -1034.443607 -966.367093 -902.282789 -841.834714 -784.689466 -730.561346 -679.222135 -630.496094 -584.247238 -539.201715 
-500.163928 -538.177353 -577.535549 -618.523312 -661.147931 -705.492471 -751.666016 -799.833724 -850.279572 -903.317018 -959.431622 -1019.142448 -1083.014899 -1151.572076 -1224.995284 -1302.829932 -1383.327280 -1462.740829 -1534.612762 -1589.876454 -1618.974157 -1616.728128 -1586.733147 -1536.690964 -1473.931468 -1403.940899 -1330.533774 -1256.347946 -1183.190591 -1112.229828 -1044.141915 -979.236766 -917.572451 -859.058506 -803.528087 -750.792402 -700.670607 -652.999255 -607.650293 -564.520147 -522.730476 
-483.677739 -518.804283 -555.469920 -593.589592 -633.192221 -674.322929 -717.081699 -761.577195 -808.009592 -856.582384 -907.572123 -961.253892 -1017.833299 -1077.400692 -1139.652035 -1203.706321 -1267.718632 -1328.559034 -1381.677219 -1421.512951 -1442.877613 -1443.127949 -1423.599524 -1388.133801 -1341.113544 -1286.407117 -1227.106243 -1165.567938 -1103.536686 -1042.246480 -982.512395 -924.819259 -869.408630 -816.363359 -765.672405 -717.264631 -671.049558 -626.938059 -584.850675 -544.718162 -506.036373 
-467.328728 -499.755151 -533.886271 -569.294825 -606.016539 -644.070092 -683.527110 -724.456107 -766.955177 -811.146805 -857.136392 -905.008765 -954.743750 -1006.155135 -1058.709303 -1111.424054 -1162.643275 -1209.941267 -1250.185183 -1279.907335 -1296.116843 -1297.292747 -1283.926853 -1258.014743 -1222.193274 -1179.110182 -1131.108496 -1080.127426 -1027.709344 -975.020445 -922.901047 -871.911248 -822.405031 -774.584858 -728.542482 -684.300978 -641.850772 -601.166519 -562.208835 -524.943630 -489.216941 
-451.162053 -481.070964 -512.804248 -545.653509 -579.639664 -614.768443 -651.069127 -688.576983 -727.307323 -767.310485 -808.575505 -851.052349 -894.584380 -938.831882 -983.207042 -1026.767779 -1068.138793 -1105.499771 -1136.691676 -1159.492550 -1172.078020 -1173.495496 -1163.904127 -1144.389996 -1116.580924 -1082.269184 -1043.178151 -1000.839103 -956.540781 -911.320020 -865.965384 -821.056314 -776.999922 -734.057695 -692.392305 -652.102770 -613.235068 -575.811914 -539.836408 -505.302796 -472.370308 
-435.222344 -462.786434 -492.256362 -522.697437 -554.100966 -586.463232 -619.776762 -654.044962 -689.231494 -725.313636 -762.215436 -799.800796 -837.833322 -875.923463 -913.497287 -949.721110 -983.494639 -1013.465299 -1038.128532 -1056.018309 -1065.963682 -1067.329978 -1060.146895 -1045.041218 -1023.038845 -995.360022 -963.263040 -927.925945 -890.399564 -851.559383 -812.119737 -772.635444 -733.509600 -695.041434 -657.440041 -620.843981 -585.343549 -550.999242 -517.844760 -485.896203 -455.591427 
-419.552521 -444.939286 -472.283572 -500.459248 -529.435804 -559.199243 -589.715723 -620.952193 -652.846463 -685.321229 -718.262867 -751.483147 -784.719003 -817.574678 -849.526424 -879.870164 -907.739787 -932.127322 -951.969112 -966.266763 -974.236785 -975.439161 -969.863010 -957.879714 -940.154323 -917.534156 -890.932796 -861.257128 -829.332548 -795.898678 -761.575013 -726.856407 -692.138811 -657.729437 -623.850658 -590.668325 -558.304148 -526.837268 -496.326489 -466.812954 -438.968907 
-404.192598 -427.559231 -452.913274 -478.965756 -505.677108 -533.015489 -560.930470 -589.358255 -618.229102 -647.430292 -676.817108 -706.187732 -735.274489 -763.705793 -791.019916 -816.633725 -839.868556 -859.971375 -876.174799 -887.781131 -894.245407 -895.260048 -890.796305 -881.081340 -866.565939 -847.843708 -825.589563 -800.483545 -773.189790 -744.314610 -714.373986 -683.816497 -653.008587 -622.238538 -591.738624 -561.684530 -532.208298 -503.409658 -475.367846 -448.136798 -422.582666 
-389.178660 -410.675168 -434.174853 -458.247791 -482.849426 -507.935459 -533.447877 -559.303749 -585.423354 -611.673457 -637.900811 -663.901340 -689.417645 -714.116814 -737.596407 -759.380011 -778.940083 -795.708223 -809.118946 -818.666592 -823.968394 -824.801132 -821.131408 -813.109481 -801.043835 -785.366479 -766.563646 -745.169410 -721.707708 -696.657150 -670.467628 -643.523315 -616.151809 -588.628004 -561.173093 -533.958790 -507.128374 -480.796063 -455.043740 -429.935521 -406.502442 
-374.542115 -394.316796 -416.087291 -438.318123 -460.966207 -483.975801 -507.284813 -530.801062 -554.429318 -578.039426 -601.476412 -624.539301 -646.988720 -668.532369 -688.833121 -707.502791 -724.124852 -738.260782 -749.485983 -757.432796 -761.825129 -762.495438 -759.414651 -752.682706 -742.523672 -729.240217 -713.210931 -694.847746 -674.548881 -652.721033 -629.733126 -605.913534 -581.559297 -556.915286 -532.181335 -507.535328 -483.119166 -459.044523 -435.400500 -412.262809 -390.787110 
-360.309248 -378.499203 -398.659209 -419.186568 -440.034947 -461.140038 -482.437314 -503.833158 -525.224661 -546.485057 -567.459987 -587.964413 -607.781523 -626.663518 -644.324034 -660.443966 -674.687192 -686.715538 -696.209741 -702.898121 -706.572100 -707.103871 -704.469178 -698.742192 -690.076355 -678.708646 -664.929432 -649.039234 -631.377425 -612.265061 -592.008610 -570.895499 -549.175496 -527.065789 -504.761068 -482.427860 -460.196849 -438.182250 -416.479687 -395.164426 -375.484638 
-346.501051 -363.237291 -381.906648 -400.863675 -420.057628 -439.423408 -458.893355 -478.375861 -497.763047 -516.931052 -535.741158 -554.026811 -571.593804 -588.223547 -603.674655 -617.685858 -629.989167 -640.319324 -648.431658 -654.115772 -657.212148 -657.625432 -655.339778 -650.399529 -642.931313 -633.115424 -621.159336 -607.318822 -591.855777 -575.033484 -557.112644 -538.330231 -518.900566 -499.029351 -478.887677 -458.625573 -438.370178 -418.235181 -398.309855 -378.668547 -360.632550 
-333.133305 -348.541280 -365.836372 -383.348371 -401.029620 -418.815007 -436.626379 -454.379834 -471.972086 -489.292253 -506.209297 -522.570782 -538.203788 -552.919673 -566.516327 -578.781234 -589.493482 -598.442297 -605.433613 -610.304483 -612.934095 -613.253968 -611.239973 -606.936273 -600.440736 -591.875943 -581.422643 -569.277938 -555.651874 -540.770740 -524.841299 -508.066888 -490.641825 -472.742356 -454.517687 -436.108176 -417.637810 -399.205078 -380.897004 -362.792393 -346.258704 
-320.216835 -334.413699 -350.442281 -366.633407 -382.934795 -399.276497 -415.586136 -431.787522 -447.787550 -463.478311 -478.734954 -493.423540 -507.395311 -520.487774 -532.527851 -543.335929 -552.731421 -560.545402 -566.622921 -570.834645 -573.092126 -573.329428 -571.537954 -567.752357 -562.034929 -554.497196 -545.281707 -534.546049 -522.468736 -509.230533 -495.002935 -479.968723 -464.292031 -448.119714 -431.593995 -414.842328 -397.972014 -381.077509 -364.245401 -347.549940 -332.382295 
-307.757904 -295.272705 -308.948349 -322.690639 -336.447021 -350.167785 -363.793744 -377.259200 -390.485351 -403.387067 -415.869015 -427.830727 -439.160452 -449.735367 -459.431343 -468.117194 -475.667085 -481.959953 -486.885342 -490.354258 -492.290213 -492.652500 -491.429633 -488.632705 -484.306158 -478.525286 -471.382098 -462.991242 -453.471348 -442.946719 -431.553154 -419.420907 -406.671882 -393.425594 -379.796202 -365.881512 -351.772382 -337.554661 -323.302070 -309.076288 -319.014924 
-301.643334 -263.053276 -274.982880 -286.905667 -298.776224 -310.568368 -322.221899 -333.682046 -344.881393 -355.759743 -366.244978 -376.256022 -385.708198 -394.510873 -402.575041 -409.804138 -416.105343 -421.388556 -425.571834 -428.592437 -430.371381 -430.902047 -430.140838 -428.108505 -424.822454 -420.334369 -414.706575 -408.015859 -400.346685 -391.781171 -382.437238 -372.397172 -361.765631 -350.637757 -339.106687 -327.246192 -315.143715 -302.871405 -290.493134 -278.064215 -312.459509 
