3088.455183 3559.268033 4100.951070 4726.124435 5448.035498 6280.260324 7235.286721 8323.140520 9548.933823 10909.944331 12393.032137 13971.221434 15603.262344 17233.471981 18796.678569 20224.683393 21455.602114 22441.245263 23150.812012 23569.501778 23693.943354 23527.978230 23078.312578 22352.816726 21364.960638 20141.234914 18725.320842 17175.798534 15558.674189 13938.278568 12369.729875 10894.606188 9539.826034 8318.968318 7234.878427 6282.681122 5452.608884 4732.236194 4108.177211 3567.264820 3097.086005 
3067.857065 3535.565230 4074.080492 4696.294472 5416.052266 6247.560503 7204.436713 8297.888668 9534.537383 10913.260843 12421.877121 14033.984663 15706.941265 17382.455026 18990.660333 20458.312957 21719.149812 22723.391292 23441.677756 23862.105407 23984.227722 23814.474660 23360.280267 22626.644544 21622.414857 20371.192741 18917.561799 17324.224559 15662.529751 14001.478375 12399.199828 10898.467738 9525.962023 8294.145449 7204.377450 6250.307042 5420.865932 4702.618663 4081.460322 3543.704520 3076.593373 
3006.205805 3464.383990 3992.992781 4605.924306 5318.460238 6147.017313 7108.255867 8217.387349 9485.708818 10917.056014 12503.181750 14219.104169 16019.097282 17835.941371 19585.058028 21175.541196 22526.548810 23583.236906 24322.544777 24743.968470 24855.957238 24674.490955 24211.238378 23460.091025 22411.615891 21078.193314 19507.522139 17776.802162 15975.587506 14188.257713 12482.375362 10904.042664 9478.708901 8214.952588 7109.288702 6150.659464 5324.005242 4612.840755 4000.870195 3472.911657 3015.254862 
2904.002395 3345.569021 3856.591795 4452.440703 5150.645755 5971.242868 6935.999969 8067.167941 9384.757128 10902.070664 12619.347514 14515.862622 16541.980920 18614.449034 20619.583165 22429.297110 23930.775703 25059.683616 25813.183263 26221.145067 26303.710069 26100.045696 25640.744838 24889.584284 23787.755980 22318.746108 20538.101623 18556.235408 16501.508772 14488.674119 12602.076147 10892.205886 9380.435832 8066.973863 6938.857841 5976.347576 5157.390943 4460.320833 3865.268828 3354.728050 2913.560411 
2762.311424 3179.210909 3663.483747 4232.101053 4905.524389 5708.403315 6669.802111 7822.443148 9200.078665 10832.375911 12735.811707 14900.838795 17275.869646 19753.953596 22170.104622 24323.123533 26031.149987 27210.592332 27920.356543 28280.047342 28287.846428 28036.246754 27641.575909 26979.420947 25862.404680 24207.007973 22092.346214 19702.690636 17242.790739 14880.372179 12724.295344 10827.247966 9199.619846 7825.379301 6675.206672 5715.550905 4913.899874 4241.315852 3673.217008 3189.228607 2772.556423 
2583.070045 2966.129431 3412.631523 3941.004865 4574.550009 5343.246694 6285.185867 7447.149165 8883.167307 10649.268907 12791.736307 15326.410432 18209.776303 21305.814952 24364.766766 27041.785831 28995.377689 30081.096489 30537.835295 30833.416790 30670.597086 30262.413814 30132.102581 29833.184707 28847.776430 26953.662319 24311.510030 21273.625605 18191.013121 15316.739135 12788.430733 10650.559568 8887.717366 7454.044397 6293.755366 5352.938761 4584.956149 3951.844979 3423.681479 2977.193678 2594.155178 
2369.442721 2708.518938 3104.523521 3576.443396 4149.644150 4859.007417 5752.297772 6893.386701 8363.879416 10259.761620 12677.995051 15687.629441 19279.284475 23295.416323 27357.927803 30844.967001 33021.758793 33473.722240 32859.365600 33448.433553 32952.223772 31833.956302 32676.123073 33520.299536 33067.179575 30868.395320 27367.726120 23299.867264 19283.118085 15692.847181 12685.190805 10268.790584 8374.405248 6904.944680 5764.531753 4871.623822 4162.394731 3589.148819 3117.060989 2720.777428 2381.490292 
2126.134206 2410.652721 2742.297936 3138.890027 3625.774000 4240.230375 5037.526732 6098.227069 7535.045935 9495.094029 12149.275838 15656.544727 20087.793165 25297.511100 30746.841652 35328.055297 37364.741975 35220.811890 29352.581470 33224.686026 32361.375810 27489.473610 32441.226640 36769.324910 38015.610517 35600.773843 30864.855745 25353.307908 20119.176145 15678.654870 12167.987289 9512.572170 7552.025856 6114.870748 5053.792554 4256.040157 3641.078655 3153.645339 2756.454853 2424.221174 2139.230696 
1859.550286 2079.569707 2333.159132 2634.339907 3004.216705 3476.254507 4104.023316 4971.873732 6207.250146 7990.201827 10549.919476 14129.969062 18896.893223 24758.132609 31049.121773 36046.738159 36317.475457 25905.067170 -10269.251619 17323.730929 18554.212959 -8369.369089 16876.220403 31555.721980 37971.351433 36617.927985 31268.306023 24855.180907 18949.877842 14166.182164 10579.080468 8015.865233 6230.733475 4993.738107 4124.493938 3495.444709 3022.224364 2651.248719 2349.046072 2094.510114 1873.742567 
1577.698272 1725.519943 1889.845393 2077.419446 2299.040354 2573.245183 2932.049823 3429.251945 4150.971065 5225.351163 6823.787067 9139.380604 12319.143371 16312.013869 20557.857275 23349.656300 20660.900961 6465.981981 3277.624386 -28324.301623 1326.946874 -686.474689 -32827.294478 5019.352335 21335.403945 23708.784073 20714.164251 16392.876040 12372.960302 9182.085367 6860.633973 5258.214861 4180.679942 3456.275069 2956.728271 2595.851483 2319.792759 2096.531930 1907.489345 1741.844516 1592.991087 
1289.764357 1362.022909 1431.704146 1495.669230 1549.362399 1586.364400 1597.637892 1570.320747 1486.338497 1320.938510 1041.697665 609.372301 -17.124786 -867.035250 -1920.253859 -2981.207435 -3140.218291 1916.290803 34615.657632 26.198087 1423.791087 25111.496784 -7780.477488 -7759.033553 -5480.855564 -3561.968747 -2045.815936 -867.057104 17.819056 652.300366 1084.122122 1360.270608 1521.972070 1602.355575 1626.424584 1612.292264 1572.778691 1516.910253 1451.035397 1379.688828 1306.119047 
1005.393006 1004.643942 983.025015 927.864891 819.846250 628.672444 306.090096 -224.102979 -1078.547931 -2426.055829 -4490.235774 -7526.912447 -11750.762173 -17168.063623 -23231.672331 -28125.416391 -27403.968321 -13929.831774 -8791.109213 13744.027896 -17907.697057 -16616.836447 16443.222021 -17242.190910 -29717.762528 -28967.172252 -23474.816301 -17205.331879 -11721.904602 -7479.659836 -4440.824721 -2379.824120 -1036.920781 -187.137952 338.836074 657.753583 845.781161 951.093165 1003.928558 1023.555689 1022.727431 
733.795654 668.329782 567.095035 411.104032 172.097962 -192.902955 -750.080877 -1600.100443 -2891.246369 -4830.015687 -7678.374552 -11720.622270 -17173.757148 -24008.718679 -31650.667080 -38571.699388 -42114.841618 -40393.317027 -40943.626997 -40585.671685 -45087.008518 -51612.810548 -30205.128579 -38345.835582 -42171.140520 -38751.001385 -31706.674189 -23985.413481 -17118.561457 -11657.831845 -7618.038988 -4775.575769 -2843.338955 -1558.260452 -713.580115 -160.916355 200.306202 436.107979 589.391431 688.316704 751.985350 
482.883393 364.716216 200.611798 -31.065875 -361.153244 -834.300992 -1515.247595 -2496.591959 -3906.435559 -5911.656392 -8709.723942 -12497.612982 -17404.134540 -23374.888627 -30012.715127 -36424.325401 -41278.728839 -43612.103750 -44439.791001 -42442.055296 -39782.051315 -35783.649268 -37657.154872 -40873.706569 -40412.356123 -36133.219684 -29866.102738 -23263.411339 -17306.724298 -12411.934095 -8635.535345 -5848.102107 -3852.188404 -2450.195280 -1475.349852 -799.773384 -331.040732 -4.589834 224.047975 385.593595 501.764183 
258.613857 101.286022 -107.413988 -388.930265 -772.469050 -1298.078816 -2020.439338 -3012.661514 -4368.897330 -6202.838161 -8638.725797 -11790.496919 -15726.772155 -20427.229188 -25740.434314 -31347.125993 -36679.393989 -40691.156822 -41351.783601 -34577.328162 -23637.674111 -19888.538581 -35707.714418 -38382.183188 -35718.988458 -30893.375153 -25477.353664 -20245.825671 -15589.143510 -11681.446879 -8550.563667 -6130.551793 -4308.948038 -2962.397115 -1977.812725 -1261.559197 -740.875538 -361.354984 -83.140920 122.814665 277.986180 
64.668487 -118.423186 -354.329970 -662.298182 -1067.605094 -1603.122661 -2311.158288 -3244.569286 -4466.458933 -6047.149487 -8057.029883 -10556.060965 -13586.018218 -17179.571890 -21403.529378 -26386.141941 -32042.783356 -36998.828791 -36950.065726 -19110.463566 -27455.705669 -8845.444424 -31289.116898 -35218.009257 -31289.616137 -25932.191334 -21087.830575 -16950.875271 -13416.644440 -10427.738052 -7957.429160 -5968.068788 -4402.324693 -3191.591294 -2266.724975 -1565.348076 -1035.103549 -634.059562 -329.581733 -96.582754 84.303698 
-97.526645 -294.450243 -542.366901 -857.382266 -1259.793752 -1774.697831 -2432.163069 -3267.061510 -4317.112091 -5619.026440 -7202.613027 -9084.534442 -11269.079801 -13769.313821 -16657.280464 -20037.435892 -23448.135428 -24038.934233 -19536.732398 20.322147 -6553.168977 -5447.096093 -3504.434655 -23050.458454 -23102.822016 -19621.602310 -16300.185759 -13502.844165 -11076.427620 -8943.494036 -7096.337148 -5536.466044 -4251.129741 -3213.069192 -2387.122986 -1736.534210 -1227.063646 -828.980468 -517.520771 -272.563216 -77.878104 
-228.507885 -429.348871 -677.067250 -984.353282 -1366.410811 -1840.794759 -2426.909920 -3144.666715 -4011.641325 -5038.382121 -6221.542770 -7534.636718 -8916.820554 -10258.223932 -11356.577404 -11689.880869 -9195.901610 6028.765179 -3526.134364 -2014.550242 -6519.562275 -5850.090582 11694.951314 -3880.063559 -9769.511359 -11185.214113 -10910.963089 -9954.133103 -8711.584103 -7390.554159 -6115.488485 -4956.875923 -3946.779618 -3091.655271 -2382.651090 -1803.221275 -1334.122415 -956.331780 -652.531790 -407.717030 -209.106954 
-330.320601 -527.357965 -765.896097 -1055.231238 -1405.886741 -1828.940367 -2335.128544 -2932.720855 -3624.286871 -4401.531587 -5236.558531 -6068.339233 -6777.992993 -7141.925692 -6750.914501 -4957.904560 -1239.236746 3026.066994 595.771980 -19679.966899 -17761.828272 2034.346304 -7482.214250 16321.325249 2663.343358 -3566.622321 -6143.560520 -6823.031774 -6583.715517 -5936.265214 -5139.569783 -4326.348382 -3563.803251 -2882.715971 -2293.010319 -1792.955080 -1374.770431 -1028.110435 -742.087950 -506.344361 -311.429724 
-406.015186 -593.759359 -817.053028 -1082.200748 -1395.787609 -1763.822848 -2190.410980 -2675.639434 -3212.477962 -3781.242293 -4341.446876 -4817.801378 -5076.159483 -4882.821832 -3871.129439 -1743.500506 151.038191 -8923.475169 3247.923999 -13498.567356 1658.165080 -12711.721055 -11884.618841 5323.459607 3456.625954 -749.613842 -3467.626205 -4667.607286 -4936.862089 -4716.414348 -4262.439298 -3717.159750 -3159.132590 -2630.445586 -2151.618999 -1730.255535 -1366.517881 -1056.500277 -794.383543 -573.689775 -387.889416 
-459.175872 -634.084306 -838.582352 -1076.566970 -1351.565952 -1665.828896 -2018.916768 -2406.149506 -2815.350757 -3222.670641 -3586.165391 -3836.047355 -3860.176118 -3486.080578 -2481.404815 -680.055990 1483.289366 2155.242909 3932.128473 3630.831322 612.120909 -11849.632147 -2340.788266 -9652.124380 -774.299183 -1119.396730 -2530.811426 -3444.529513 -3799.128163 -3774.613177 -3529.621579 -3172.168221 -2770.729525 -2366.877722 -1984.337734 -1635.303146 -1324.627940 -1052.716136 -817.399905 -615.224121 -442.056225 
-493.532193 -653.615315 -837.781220 -1048.041480 -1285.737721 -1550.492191 -1839.451892 -2145.454239 -2454.908571 -2744.870159 -2979.131443 -3103.527623 -3040.959495 -2691.587991 -1951.391755 -787.648468 585.893333 1608.782780 2271.115597 2427.205769 1001.234256 -1187.147135 -433.880261 -2030.155773 -1045.027078 -1414.238310 -2170.425639 -2750.244707 -3036.602521 -3075.146699 -2942.884127 -2707.440182 -2419.139645 -2112.432665 -1809.468523 -1523.483856 -1261.487925 -1026.372244 -818.393007 -636.263379 -477.642148 
-512.673398 -657.211238 -820.916835 -1004.509411 -1207.781374 -1428.995786 -1664.060473 -1905.185996 -2139.686275 -2348.177676 -2502.998930 -2566.567135 -2492.908530 -2233.561272 -1757.188450 -1090.847709 -376.643504 137.531143 336.200961 289.777852 -205.615417 -926.414039 -895.429540 -1229.136879 -1242.785628 -1539.121918 -1963.061665 -2314.611646 -2512.856389 -2557.668009 -2481.170059 -2321.444707 -2111.870947 -1878.180901 -1638.743547 -1405.712242 -1186.549574 -985.277079 -803.580568 -641.575628 -498.218742 
-519.864621 -648.975661 -793.102279 -952.001821 -1124.632935 -1308.657240 -1499.508584 -1690.064264 -1869.512649 -2022.958468 -2130.666041 -2169.073456 -2113.333911 -1943.976307 -1660.220980 -1299.313703 -951.067043 -735.479008 -712.657243 -837.613304 -1112.118801 -1401.855702 -1285.964781 -1282.804994 -1352.262421 -1547.362468 -1795.642298 -2008.083524 -2135.755940 -2168.394817 -2117.791207 -2004.195411 -1848.456355 -1668.636157 -1478.800655 -1289.159417 -1106.602917 -935.440722 -777.994397 -635.262018 -507.036072 
-517.950625 -632.336809 -758.246287 -894.915210 -1040.962943 -1193.670560 -1348.890915 -1500.384262 -1639.717616 -1755.923952 -1835.874612 -1865.809845 -1833.343704 -1733.365037 -1574.827212 -1388.768948 -1229.952008 -1160.661466 -1214.208029 -1373.943905 -1581.418446 -1554.311547 -1375.902523 -1303.240490 -1360.735235 -1492.439890 -1644.746472 -1773.214739 -1850.709331 -1868.031265 -1828.823882 -1743.456146 -1624.548288 -1484.202835 -1332.687179 -1178.057544 -1026.231677 -881.226991 -745.586570 -620.741067 -506.928054 
-509.326898 -609.998265 -719.335673 -836.423633 -959.590134 -1086.278560 -1212.813258 -1334.156101 -1443.891357 -1534.299869 -1597.167489 -1624.469594 -1611.197515 -1558.004528 -1475.249768 -1385.561504 -1322.510112 -1320.371424 -1396.439444 -1531.787202 -1645.046306 -1550.631800 -1356.513321 -1278.319886 -1333.332541 -1421.810113 -1512.093750 -1585.019787 -1626.577408 -1629.992178 -1595.424740 -1527.808398 -1434.459558 -1323.180227 -1201.225020 -1074.695331 -948.381049 -825.782984 -709.381984 -600.704671 -500.283707 
-495.957015 -584.054991 -678.643307 -778.579693 -882.223965 -987.305389 -1090.662275 -1188.419593 -1275.733531 -1347.462493 -1398.251018 -1423.978040 -1422.961618 -1397.859518 -1357.439278 -1317.712319 -1299.595984 -1323.532102 -1399.044117 -1510.815286 -1598.115198 -1555.922728 -1449.067764 -1379.881459 -1358.249161 -1371.598082 -1401.555126 -1430.325995 -1444.467865 -1436.314544 -1403.525968 -1347.664241 -1272.549258 -1183.025424 -1084.021372 -980.032302 -874.770736 -771.221531 -671.557926 -577.315518 -489.063298 
-479.417562 -556.191575 -637.663086 -722.671543 -809.704853 -896.711785 -981.213254 -1060.056071 -1129.843258 -1186.901832 -1227.984856 -1250.947181 -1255.452287 -1244.319236 -1224.398134 -1206.459890 -1204.120450 -1230.347329 -1291.471055 -1379.344766 -1463.169312 -1501.861586 -1515.582366 -1462.423985 -1368.438784 -1316.546484 -1299.433992 -1296.107938 -1290.810861 -1274.387466 -1242.761873 -1195.352661 -1133.799908 -1060.931306 -980.000654 -894.184837 -806.342148 -718.879656 -633.673754 -552.147342 -474.841036 
-460.955917 -527.604710 -597.513600 -669.581096 -742.361069 -814.201792 -882.999845 -946.352055 -1001.740402 -1046.550155 -1078.817610 -1097.074046 -1101.569162 -1094.495031 -1080.577718 -1066.962407 -1062.888901 -1077.555010 -1117.550134 -1181.383727 -1257.789833 -1329.406412 -1379.358069 -1350.499801 -1278.699607 -1222.559813 -1190.300022 -1171.843164 -1156.137170 -1135.458149 -1105.569730 -1064.979745 -1014.068794 -954.332185 -887.854567 -816.845337 -743.472278 -669.607482 -596.843206 -526.447119 -458.860069 
-441.550589 -499.164909 -558.943845 -619.697473 -680.264644 -739.184893 -794.708327 -845.019100 -888.066860 -922.158999 -945.598259 -957.503557 -957.817320 -947.880625 -930.255002 -909.422875 -891.637762 -885.541638 -900.054397 -939.138311 -1001.279995 -1081.491425 -1155.463854 -1170.010541 -1141.103748 -1104.782581 -1075.877193 -1054.374083 -1035.366448 -1013.947437 -986.790675 -952.274122 -910.129172 -861.071909 -806.364111 -747.555505 -686.233733 -623.885780 -561.818646 -501.133621 -442.089894 
-421.967777 -471.603890 -522.371421 -573.282001 -623.274124 -671.040501 -715.197450 -754.141471 -786.436400 -810.556845 -825.176662 -829.351173 -822.700767 -805.128858 -777.169210 -740.276971 -698.191361 -660.808197 -645.882997 -661.468475 -703.179563 -777.259905 -903.056355 -976.524745 -992.689250 -981.259664 -962.694026 -944.310605 -926.314271 -906.578505 -882.956367 -854.059426 -819.408495 -779.265511 -734.361896 -685.746059 -634.571007 -581.998337 -529.100616 -476.815919 -425.280063 
-402.810877 -445.343717 -488.210347 -530.517853 -571.239491 -609.298477 -643.427579 -672.367257 -694.905446 -709.619396 -715.366696 -711.091551 -695.671729 -667.681620 -625.071275 -564.478835 -483.916177 -394.010857 -341.660989 -350.501437 -365.843436 -350.608930 -629.263993 -789.628898 -851.258480 -863.360699 -856.195961 -843.108623 -828.144074 -811.367703 -791.691125 -768.087601 -740.033881 -707.495682 -670.871244 -630.848788 -588.273799 -544.030918 -499.002550 -453.991069 -409.006980 
-384.561803 -420.771359 -456.728562 -491.436340 -524.052780 -553.482934 -578.690017 -598.614142 -612.030686 -617.779557 -614.711184 -601.646334 -576.788928 -537.662224 -479.176571 -390.342047 -251.174626 -51.244811 91.351499 1.232391 -6.547835 592.732305 -359.614757 -644.693142 -736.653128 -761.217954 -761.015233 -752.246629 -740.506361 -726.996873 -711.299470 -692.649767 -670.486070 -644.586018 -615.086035 -582.413148 -547.163521 -510.034493 -471.757633 -433.039307 -393.712536 
-367.614140 -398.336046 -428.139350 -456.189519 -481.550293 -503.298027 -520.430325 -531.957119 -536.732645 -533.783187 -522.027979 -499.954647 -465.893227 -416.978999 -347.543632 -241.400153 -46.795127 370.265732 1017.231230 327.550664 -127.227752 -394.748475 -547.645764 -630.434182 -668.809804 -680.826051 -679.362231 -672.157682 -662.806045 -652.326108 -640.419219 -626.385882 -609.573135 -589.570272 -566.305387 -539.996248 -511.039136 -480.006934 -447.512649 -414.184880 -379.734540 
-352.298559 -378.214152 -402.677764 -424.816701 -443.744664 -458.517590 -468.172895 -471.691107 -468.126159 -456.539203 -435.890227 -404.702064 -361.131673 -303.616876 -232.914365 -156.909687 -91.470303 -23.781305 54.079288 74.601800 -437.671718 -1460.987000 -776.803275 -642.345932 -619.032576 -613.583909 -608.058407 -600.991564 -593.438349 -585.817943 -577.669850 -568.155908 -556.395471 -541.767426 -524.043840 -503.262126 -479.730841 -453.913802 -426.355261 -397.621372 -367.329486 
-338.900707 -360.660324 -380.497346 -397.472490 -410.677960 -419.068290 -421.655539 -417.375982 -405.393669 -384.944683 -354.957714 -313.863869 -258.530008 -185.229577 -95.961921 -24.817523 -109.455237 -442.418389 -1029.763731 -555.285568 -452.659384 -703.761356 -612.522701 -567.576646 -553.761735 -547.626072 -541.684005 -535.516155 -530.123569 -525.741705 -521.710102 -516.880556 -510.091921 -500.557228 -487.871432 -471.973322 -453.124425 -431.745101 -408.351822 -383.502520 -356.688555 
-327.671213 -345.956008 -361.844582 -374.404763 -382.520802 -385.086048 -380.862560 -368.743928 -347.927014 -317.854568 -277.968314 -226.380262 -156.781435 -52.786034 115.276766 362.668093 233.993214 -106.920039 -538.273569 -746.627211 -600.531605 -536.308432 -478.347871 -479.305367 -482.936318 -481.356685 -476.962857 -472.736330 -470.476752 -470.360754 -471.315656 -471.708379 -470.100164 -465.537718 -457.511236 -445.962561 -431.145532 -413.499996 -393.558731 -371.895107 -347.947888 
-318.826751 -334.300366 -347.034769 -355.899977 -359.682546 -356.938743 -346.120186 -325.915892 -295.300144 -254.165109 -203.402271 -142.916779 -64.113868 70.542015 396.604896 1534.282085 1058.574044 -79.339855 -574.913794 -661.456062 -669.070142 -527.313309 -367.892711 -405.409673 -418.194921 -416.474073 -412.032428 -410.020294 -412.199930 -417.963240 -425.295604 -431.912600 -436.011853 -436.476104 -432.829900 -425.131568 -413.732845 -399.142577 -381.977801 -362.853135 -341.194239 
-312.540935 -325.950514 -336.327496 -342.406622 -342.694608 -335.384445 -318.440843 -289.766563 -247.753931 -192.738317 -128.360796 -61.944562 3.267589 86.888567 220.451082 402.833804 96.024814 -396.339226 -560.246648 -684.230265 -665.584298 -578.962685 -471.184376 -406.654178 -371.174190 -352.036231 -343.332255 -343.663072 -352.337152 -366.534651 -382.452367 -396.807358 -407.415781 -413.136798 -413.704060 -409.414633 -400.819364 -388.634859 -373.595041 -356.405126 -336.467133 
-308.924721 -321.097670 -330.018078 -334.367386 -332.363358 -321.751000 -299.658004 -262.625822 -207.606302 -133.753134 -47.673900 30.074020 69.297908 70.543285 -65.110176 -979.262768 -532.370341 -514.990360 -626.749554 -708.376940 -657.881105 -555.569475 -531.683095 -380.974597 -304.821557 -272.071228 -261.085620 -266.140152 -285.460608 -312.687677 -340.991323 -365.603951 -384.037411 -395.472776 -400.156311 -398.815414 -392.418552 -381.973375 -368.405309 -352.516067 -333.758388 
-307.998573 -319.755345 -328.292349 -332.228342 -329.608398 -317.700550 -292.648258 -249.382608 -181.696148 -84.654935 36.625870 146.832962 169.677383 157.834178 133.232629 280.094475 -299.201209 -491.316543 -635.244400 -599.188650 -497.476224 -398.407015 -328.295225 -233.306748 -182.761270 -159.361583 -151.635242 -164.433039 -202.517018 -251.476181 -298.740292 -337.654754 -365.919134 -383.734605 -392.371170 -393.440832 -388.561892 -379.130643 -366.329127 -351.117145 -333.009444 
-309.662549 -321.852973 -331.165328 -336.236488 -335.107035 -324.818991 -301.084440 -257.319625 -184.093686 -70.087846 89.505618 256.380079 270.113392 261.506108 237.935038 -171.961773 -344.107311 -443.511679 -508.155593 -473.878932 -361.320125 -219.415829 -105.395578 -22.578785 -16.645353 -11.473101 -0.462546 -17.471827 -91.032195 -178.071133 -254.843915 -313.584142 -354.003220 -378.660628 -390.823194 -393.538719 -389.297206 -380.047868 -367.271604 -352.091794 -334.106599 
-313.674068 -327.151974 -338.343166 -346.148860 -348.836200 -343.832964 -327.224188 -292.772670 -231.300370 -130.366303 19.444816 195.872233 276.693760 303.484830 247.030281 -712.488637 -455.155258 -399.462234 -411.847902 -389.488257 -281.246113 -35.404685 153.223027 270.779378 170.456448 158.380649 210.414551 209.068522 59.090941 -93.658614 -213.399673 -297.311192 -351.094366 -381.995659 -396.475997 -399.512178 -394.721280 -384.652331 -371.082946 -355.244983 -336.874344 
-319.643780 -335.112898 -349.188259 -361.114098 -369.713624 -373.311686 -369.253107 -353.734009 -320.891689 -262.657876 -168.890875 -22.723577 221.549304 328.488908 601.083907 152.992968 -675.113772 -345.744197 -323.794300 -333.097374 -275.774722 -60.378622 456.496452 651.485230 275.628841 297.978509 516.823847 537.282971 224.427184 -19.265412 -188.648280 -297.771212 -362.402821 -396.526438 -410.598953 -411.803117 -404.842589 -392.751826 -377.472972 -360.307172 -341.068012 
-327.055901 -345.063058 -362.694800 -379.667118 -395.497799 -409.686687 -421.243279 -428.955923 -429.987894 -416.949315 -365.382408 -199.879481 211.720830 169.944850 -15.053027 169.552770 -11.636104 -168.655836 -221.075011 -299.380421 -320.284562 -284.973718 -143.081236 -40.627886 34.103291 306.448710 1144.384688 498.243479 244.725063 -10.353913 -206.254330 -328.391842 -394.731466 -425.301303 -434.304633 -430.583724 -419.415523 -403.939794 -386.046975 -366.910490 -346.368705 
-335.311487 -356.133315 -377.585820 -399.929301 -423.465188 -448.559237 -476.017170 -506.593259 -540.501234 -572.416525 -576.572405 -475.062373 -172.864921 -450.297797 -1010.726086 -697.747444 -246.136091 -149.677007 -161.985685 -341.974480 -445.374815 -489.919295 -844.938445 -943.094339 -402.329232 -56.190805 333.264616 122.922136 191.218403 -74.387872 -286.530575 -402.023939 -453.742362 -470.107226 -467.669617 -455.296709 -437.731351 -417.559356 -396.234319 -374.577330 -352.385137 
-343.785134 -367.388323 -392.602162 -420.169016 -450.910289 -486.013757 -527.450434 -577.974809 -641.293070 -721.296477 -820.417842 -940.405697 -1081.746463 -966.573017 -828.123221 -790.171280 -389.397849 -160.239923 -308.491572 -528.818576 -700.137909 -824.160369 -933.582331 -964.054581 -693.473832 -414.528698 23.598809 9.871589 137.984222 -272.803287 -464.945158 -529.768661 -540.681718 -529.351552 -508.680627 -484.199996 -458.428487 -432.573901 -407.243653 -382.720890 -358.667165 
-351.881863 -378.021057 -406.672139 -438.830366 -475.693201 -519.040075 -571.366909 -636.424007 -719.361336 -827.810197 -973.772274 -1173.530599 -1384.132914 -803.496384 -171.015809 -244.049247 153.319089 281.217384 -394.305001 -744.695458 -948.781614 -1112.600665 -1146.362855 -1073.584467 -984.991143 -784.875802 305.526808 -446.319993 -831.743955 -841.793079 -772.761873 -703.430403 -644.927853 -595.489002 -552.517303 -514.223629 -479.498851 -447.628103 -418.136387 -390.677922 -364.733416 
-359.082794 -387.401074 -418.891123 -454.765095 -496.441892 -545.933127 -605.898443 -679.869898 -771.939729 -884.942294 -1013.061189 -1112.875827 -1004.162261 -182.856230 782.396420 -792.873471 -866.059006 -365.908303 -809.739430 -1062.220253 -1197.301001 -1282.789492 -1370.818937 -1358.629659 -1431.326672 -1699.194655 -2595.558142 -2002.365337 -1973.141351 -1401.759503 -1056.410254 -860.502307 -739.116125 -655.437054 -592.350052 -541.517722 -498.617454 -461.241433 -427.927628 -397.765262 -370.110758 
-364.973951 -394.991400 -428.624039 -467.251821 -512.386946 -566.083209 -631.051962 -710.672452 -808.395198 -924.948751 -1046.730038 -1097.516965 -720.710891 1820.929475 -1320.109771 -1945.379526 -1919.359715 -95.531647 -1236.768409 -1440.082653 -1526.771608 -1621.191953 -1714.867158 -1760.324138 -1839.897894 -2231.666922 -3754.411560 -2736.740640 -2072.871351 -1527.587516 -1170.670642 -946.452875 -800.040747 -698.082788 -622.291340 -562.706113 -513.734056 -472.085065 -435.737277 -403.392542 -374.378330 
-369.258497 -400.425477 -435.510594 -475.893311 -523.164063 -579.347921 -647.285745 -730.712829 -834.492768 -965.070739 -1131.061078 -1346.679560 -1651.429077 -2215.444448 -3889.899110 -2555.521545 -1836.463600 579.538881 -1445.090148 -1721.332645 -1785.784763 -1880.166343 -1921.515966 -1969.457244 -1969.512056 -2073.170707 -2347.609068 -2151.148778 -1795.042080 -1442.100844 -1166.770705 -967.970785 -825.232186 -720.085276 -639.714293 -575.930313 -523.547151 -479.263914 -440.939805 -407.117884 -377.206179 
-371.756251 -403.556906 -439.361456 -480.570848 -528.671827 -585.740961 -654.585845 -739.263058 -846.147645 -987.100913 -1190.607118 -1547.180202 -2421.458495 -5568.120998 -3279.466640 -2647.775110 -2719.911766 -3934.521096 -2451.540090 -2019.190505 -1891.050149 -1885.730540 -1889.561390 -1897.557520 -1870.427994 -1855.692573 -1857.947183 -1744.163765 -1538.515146 -1312.349170 -1111.883700 -949.931342 -823.151262 -723.910611 -645.022931 -580.939177 -527.664212 -482.412691 -443.219726 -408.681942 -378.379808 
-372.394941 -405.892272 -441.884159 -483.161141 -531.132839 -587.688932 -655.466093 -738.187646 -841.799380 -976.578693 -1163.214886 -1447.675433 -1927.038196 -2681.862866 -2453.478088 -2435.843289 -2993.185855 -5598.576567 -2833.026500 -2089.030065 -1855.322111 -1781.432682 -1749.130207 -1724.281718 -1681.122723 -1628.799581 -1567.438849 -1465.667664 -1323.153861 -1166.087182 -1017.976515 -889.740454 -783.081835 -695.511714 -623.427313 -563.435785 -512.778589 -469.326830 -431.469400 -398.001343 -377.806464 
-372.246859 -407.260247 -443.248636 -484.423074 -532.139661 -588.168354 -654.956053 -735.967109 -836.395504 -964.601062 -1134.865025 -1372.061367 -1707.787075 -2100.584220 -2142.101995 -2232.250918 -2593.375818 -3409.540012 -2480.131442 -2001.552485 -1796.867434 -1710.120417 -1663.419516 -1624.830807 -1573.980170 -1511.907390 -1438.450599 -1340.566042 -1217.695536 -1084.949291 -957.988763 -845.419977 -749.541764 -669.202300 -602.005797 -545.422694 -497.250291 -455.686446 -419.330041 -387.099403 -377.078967 
