0.000000
-27325362.216889
-55702922.304588
-86289379.222753
-120468613.269546
-160015101.135557
-207318803.266114
-265428626.379119
-335172232.709794
-401433394.268207
-422419002.577991
-372145022.818826
-279634475.871578
-180907192.158435
-82718147.599868
22970920.151082
134290760.977544
212892814.961473
214177202.672300
160146865.656392
104257068.532999
66184272.700132
42303016.489707
27011859.393412
16908265.613809
10059633.098388
5326324.312672
2008452.397243
-339078.129539
-2007879.757425
-3193933.705444
-4031862.603569
-4615900.753858
-5013095.810871
-5271831.518150
-5427454.676903
-5506065.091077
-5527113.292737
-5505209.918331
-5451404.250918
-5374099.078659
-5279713.281006
-5173167.085494
-5058241.031482
-4937843.648951
-4814212.230898
-4689064.727966
-4563715.894214
-4439166.633712
-4316172.824383
-4195298.731157
-4076958.755064
-3961449.873897
-3848977.070009
