0.000000
-17841241.008773
-36119030.256129
-55270945.668654
-75724666.545421
-97856559.685873
-121883947.653111
-147425241.246399
-170510634.232781
-175154916.052324
-172310410.405319
-177271369.891071
-145310805.639940
-109222950.517631
-85255281.035374
-73486586.571178
-43768701.715363
-63595010.756301
-33921445.871514
-36808237.237849
-36509864.464509
-37850242.264906
-38111304.547859
-37605300.075907
-36485072.204399
-35260580.157066
-34031526.748771
-32868277.250355
-31832132.257206
-30964030.304662
-30296083.598424
-29854333.412756
-29665964.225839
-29732029.220013
-29395120.684651
-29044567.315772
-28683892.724603
-28125353.288687
-27682656.490262
-27158097.507918
-26743276.863563
-26442270.388085
-26216775.851275
-26032246.085590
-25831670.916071
-25619924.860156
-25317510.529362
-24871889.206297
-24351016.641178
-23688885.701799
-22788814.745192
-21530915.197978
-20141775.435934
-18701098.305398
